1008
-1.456694 1.238614 -0.019756 
0.000000 -0.098018 0.995185 
0.000000 0.000000 
-3.525505 1.238614 -0.019756 
0.000000 -0.098020 0.995184 
0.000000 0.000000 
-1.456694 1.250994 -0.018537 
0.000000 -0.098018 0.995185 
0.000000 0.000000 
-3.525505 1.250994 -0.018537 
0.000000 -0.098020 0.995184 
0.000000 0.000000 
-1.456694 1.262899 -0.014925 
0.000000 -0.290289 0.956939 
0.000000 0.000000 
-3.525505 1.262899 -0.014925 
0.000000 -0.290283 0.956941 
0.000000 0.000000 
-1.456694 1.273871 -0.009061 
0.000000 -0.471394 0.881923 
0.000000 0.000000 
-3.525505 1.273871 -0.009061 
0.000000 -0.471394 0.881923 
0.000000 0.000000 
-1.456694 1.283487 -0.001169 
0.000000 -0.634391 0.773012 
0.000000 0.000000 
-3.525505 1.283487 -0.001169 
0.000000 -0.634396 0.773009 
0.000000 0.000000 
-1.456694 1.291380 0.008448 
0.000000 -0.773009 0.634395 
0.000000 0.000000 
-3.525505 1.291379 0.008448 
0.000000 -0.773014 0.634389 
0.000000 0.000000 
-1.456694 1.297244 0.019420 
0.000000 -0.881927 0.471386 
0.000000 0.000000 
-3.525505 1.297244 0.019420 
0.000000 -0.881919 0.471401 
0.000000 0.000000 
-1.456694 1.300855 0.031324 
0.000000 -0.956937 0.290296 
0.000000 0.000000 
-3.525505 1.300855 0.031324 
0.000000 -0.956937 0.290296 
0.000000 0.000000 
-1.456694 1.302075 0.043705 
0.000000 -0.995185 0.098018 
0.000000 0.000000 
-3.525505 1.302075 0.043705 
0.000000 -0.995185 0.098018 
0.000000 0.000000 
-1.456694 1.300855 0.056086 
0.000000 -0.995185 -0.098018 
0.000000 0.000000 
-3.525505 1.300855 0.056086 
0.000000 -0.995185 -0.098018 
0.000000 0.000000 
-1.456694 1.297244 0.067990 
0.000000 -0.956937 -0.290296 
0.000000 0.000000 
-3.525505 1.297244 0.067990 
0.000000 -0.956937 -0.290296 
0.000000 0.000000 
-1.456694 1.291380 0.078962 
0.000000 -0.881927 -0.471386 
0.000000 0.000000 
-3.525505 1.291379 0.078962 
0.000000 -0.881919 -0.471401 
0.000000 0.000000 
-1.456694 1.283487 0.088579 
0.000000 -0.773009 -0.634395 
0.000000 0.000000 
-3.525505 1.283487 0.088579 
0.000000 -0.773014 -0.634389 
0.000000 0.000000 
-1.456694 1.273871 0.096471 
0.000000 -0.634391 -0.773012 
0.000000 0.000000 
-3.525505 1.273871 0.096471 
0.000000 -0.634396 -0.773008 
0.000000 0.000000 
-1.456694 1.262899 0.102335 
0.000000 -0.471398 -0.881921 
0.000000 0.000000 
-3.525505 1.262899 0.102335 
0.000000 -0.471398 -0.881921 
0.000000 0.000000 
-1.456694 1.250994 0.105947 
0.000000 -0.290284 -0.956940 
0.000000 0.000000 
-3.525505 1.250994 0.105947 
0.000000 -0.290279 -0.956942 
0.000000 0.000000 
-1.456694 1.238614 0.107166 
0.000000 -0.098018 -0.995185 
0.000000 0.000000 
-3.525505 1.238614 0.107166 
0.000000 -0.098019 -0.995184 
0.000000 0.000000 
-1.456694 1.226233 0.105947 
0.000000 0.098018 -0.995185 
0.000000 0.000000 
-3.525505 1.226233 0.105947 
0.000000 0.098018 -0.995185 
0.000000 0.000000 
-1.456694 1.214328 0.102335 
-0.000000 0.290286 -0.956940 
0.000000 0.000000 
-3.525505 1.214328 0.102335 
-0.000000 0.290283 -0.956941 
0.000000 0.000000 
-1.456694 1.203356 0.096471 
-0.000000 0.471390 -0.881925 
0.000000 0.000000 
-3.525505 1.203357 0.096471 
0.000000 0.471398 -0.881921 
0.000000 0.000000 
-1.456694 1.193740 0.088579 
0.000000 0.634400 -0.773005 
0.000000 0.000000 
-3.525505 1.193740 0.088579 
0.000000 0.634396 -0.773009 
0.000000 0.000000 
-1.456694 1.185848 0.078962 
0.000000 0.773007 -0.634398 
0.000000 0.000000 
-3.525505 1.185848 0.078962 
0.000000 0.773012 -0.634392 
0.000000 0.000000 
-1.456694 1.179983 0.067990 
0.000000 0.881919 -0.471401 
0.000000 0.000000 
-3.525505 1.179983 0.067990 
0.000000 0.881919 -0.471401 
0.000000 0.000000 
-1.456694 1.176372 0.056086 
0.000000 0.956943 -0.290277 
0.000000 0.000000 
-3.525505 1.176372 0.056086 
0.000000 0.956943 -0.290277 
0.000000 0.000000 
-1.456694 1.175153 0.043705 
0.000000 0.995185 -0.098008 
0.000000 0.000000 
-3.525505 1.175153 0.043705 
0.000000 0.995185 -0.098018 
0.000000 0.000000 
-1.456694 1.176372 0.031324 
0.000000 0.995185 0.098008 
0.000000 0.000000 
-3.525505 1.176372 0.031324 
0.000000 0.995185 0.098018 
0.000000 0.000000 
-1.456694 1.179983 0.019419 
0.000000 0.956937 0.290296 
0.000000 0.000000 
-3.525505 1.179983 0.019419 
-0.000000 0.956942 0.290278 
0.000000 0.000000 
-1.456694 1.185848 0.008448 
-0.000000 0.881927 0.471386 
0.000000 0.000000 
-3.525505 1.185848 0.008448 
0.000000 0.881919 0.471401 
0.000000 0.000000 
-1.456694 1.193740 -0.001169 
0.000000 0.773009 0.634395 
0.000000 0.000000 
-3.525505 1.193740 -0.001169 
0.000000 0.773014 0.634389 
0.000000 0.000000 
-1.456694 1.203357 -0.009061 
0.000000 0.634388 0.773015 
0.000000 0.000000 
-3.525505 1.203357 -0.009061 
0.000000 0.634383 0.773019 
0.000000 0.000000 
-1.456694 1.214328 -0.014925 
0.000000 0.471398 0.881921 
0.000000 0.000000 
-3.525505 1.214328 -0.014925 
0.000000 0.471398 0.881921 
0.000000 0.000000 
-1.456694 1.226233 -0.018537 
0.000000 0.290281 0.956941 
0.000000 0.000000 
-3.525505 1.226233 -0.018537 
1.000000 0.000000 0.000000 
0.000000 0.000000 
-3.525505 1.272366 0.065809 
0.000000 0.773004 0.634402 
0.000000 0.000000 
-1.456694 1.272366 0.065809 
1.000000 0.000000 0.000000 
0.000000 0.000000 
-3.525505 1.239285 0.003919 
1.000000 0.000000 0.000000 
0.000000 0.000000 
-1.456694 1.239285 0.003919 
-1.000000 0.000000 0.000000 
0.000000 0.000000 
-3.525505 1.231523 0.004683 
1.000000 0.000000 0.000000 
0.000000 0.000000 
-1.456694 1.231523 0.004683 
-1.000000 0.000000 0.000000 
0.000000 0.000000 
-3.525505 1.224059 0.006947 
1.000000 0.000000 0.000000 
0.000000 0.000000 
-1.456694 1.224059 0.006947 
-1.000000 0.000000 0.000000 
0.000000 0.000000 
-3.525505 1.202527 0.058930 
-1.000000 0.000000 0.000000 
0.000000 0.000000 
-1.456694 1.202527 0.058930 
-1.000000 0.000000 0.000000 
0.000000 0.000000 
-3.525505 1.206204 0.065809 
-1.000000 0.000000 0.000000 
0.000000 0.000000 
-1.456694 1.206204 0.065809 
-1.000000 0.000000 0.000000 
0.000000 0.000000 
-3.525505 1.200263 0.051467 
-1.000000 0.000000 0.000000 
0.000000 0.000000 
-1.456694 1.200263 0.051467 
-1.000000 0.000000 0.000000 
0.000000 0.000000 
-3.525505 1.211151 0.071838 
-1.000000 0.000000 0.000000 
0.000000 0.000000 
-1.456694 1.211152 0.071838 
-1.000000 0.000000 0.000000 
0.000000 0.000000 
-3.525505 1.231523 0.082727 
-0.000000 -0.098023 0.995184 
0.000000 0.000000 
-1.456694 1.231523 0.082727 
1.000000 0.000000 0.000000 
0.000000 0.000000 
-3.525505 1.239285 0.083491 
-0.000000 -0.098023 0.995184 
0.000000 0.000000 
-1.456694 1.239285 0.083491 
1.000000 0.000000 0.000000 
0.000000 0.000000 
-3.525505 1.224059 0.080463 
0.000000 -0.471395 0.881922 
0.000000 0.000000 
-1.456694 1.224059 0.080463 
1.000000 0.000000 0.000000 
0.000000 0.000000 
-3.525505 1.278306 0.035943 
-1.000000 0.000000 0.000000 
0.000000 0.000000 
-1.456694 1.278306 0.035943 
1.000000 0.000000 0.000000 
0.000000 0.000000 
-3.525505 1.261389 0.010624 
1.000000 0.000000 0.000000 
0.000000 0.000000 
-1.456694 1.261389 0.010624 
-1.000000 0.000000 0.000000 
0.000000 0.000000 
-3.525505 1.279071 0.043705 
1.000000 0.000000 0.000000 
0.000000 0.000000 
-1.456694 1.279071 0.043705 
-1.000000 0.000000 0.000000 
0.000000 0.000000 
-3.525505 1.276042 0.028479 
1.000000 0.000000 0.000000 
0.000000 0.000000 
-1.456694 1.276042 0.028479 
1.000000 0.000000 0.000000 
0.000000 0.000000 
-3.525505 1.247046 0.082727 
0.000000 0.098022 0.995184 
0.000000 0.000000 
-1.456694 1.247046 0.082727 
1.000000 0.000000 0.000000 
0.000000 0.000000 
-3.525505 1.211152 0.015572 
-1.000000 0.000000 0.000000 
0.000000 0.000000 
-1.456694 1.211152 0.015572 
-1.000000 0.000000 0.000000 
0.000000 0.000000 
-3.525505 1.217180 0.010624 
-1.000000 0.000000 0.000000 
0.000000 0.000000 
-1.456694 1.217181 0.010624 
-1.000000 0.000000 0.000000 
0.000000 0.000000 
-3.525505 1.206204 0.021601 
-1.000000 0.000000 0.000000 
0.000000 0.000000 
-1.456694 1.206204 0.021601 
-1.000000 0.000000 0.000000 
0.000000 0.000000 
-3.525505 1.278306 0.051467 
0.000000 0.995185 0.098018 
0.000000 0.000000 
-1.456694 1.278306 0.051467 
1.000000 0.000000 0.000000 
0.000000 0.000000 
-3.525505 1.261388 0.076786 
1.000000 0.000000 0.000000 
0.000000 0.000000 
-1.456694 1.261389 0.076786 
1.000000 0.000000 0.000000 
0.000000 0.000000 
-3.525505 1.267418 0.071838 
0.000000 0.773004 0.634402 
0.000000 0.000000 
-1.456694 1.267418 0.071838 
1.000000 0.000000 0.000000 
0.000000 0.000000 
-3.525505 1.276042 0.058930 
0.000000 0.881915 0.471408 
0.000000 0.000000 
-1.456694 1.276042 0.058930 
1.000000 0.000000 0.000000 
0.000000 0.000000 
-3.525505 1.199498 0.043705 
1.000000 0.000000 0.000000 
0.000000 0.000000 
-1.456694 1.199498 0.043705 
-1.000000 0.000000 0.000000 
0.000000 0.000000 
-3.525505 1.217180 0.076786 
0.000000 -0.471395 0.881922 
0.000000 0.000000 
-1.456694 1.217180 0.076786 
-1.000000 0.000000 0.000000 
0.000000 0.000000 
-3.525505 1.200263 0.035943 
-1.000000 0.000000 0.000000 
0.000000 0.000000 
-1.456694 1.200263 0.035943 
1.000000 0.000000 0.000000 
0.000000 0.000000 
-3.525505 1.267418 0.015572 
1.000000 0.000000 0.000000 
0.000000 0.000000 
-1.456694 1.267418 0.015572 
1.000000 0.000000 0.000000 
0.000000 0.000000 
-3.525505 1.254510 0.080463 
-1.000000 0.000000 0.000000 
0.000000 0.000000 
-1.456694 1.254510 0.080463 
1.000000 0.000000 0.000000 
0.000000 0.000000 
-3.525505 1.272366 0.021601 
1.000000 0.000000 0.000000 
0.000000 0.000000 
-1.456694 1.272366 0.021601 
1.000000 0.000000 0.000000 
0.000000 0.000000 
-3.525505 1.202527 0.028479 
-1.000000 0.000000 0.000000 
0.000000 0.000000 
-1.456694 1.202527 0.028479 
1.000000 0.000000 0.000000 
0.000000 0.000000 
-3.525505 1.254510 0.006947 
1.000000 0.000000 0.000000 
0.000000 0.000000 
-1.456694 1.254510 0.006947 
-1.000000 0.000000 0.000000 
0.000000 0.000000 
-3.525505 1.247046 0.004683 
1.000000 0.000000 0.000000 
0.000000 0.000000 
-1.456694 1.247046 0.004683 
-1.000000 0.000000 0.000000 
0.000000 0.000000 
-2.864393 1.261389 0.010624 
0.000000 0.634404 -0.773001 
0.000000 0.000000 
-2.864393 1.279071 0.043705 
0.000000 0.995185 0.098018 
0.000000 0.000000 
-2.864393 1.261389 0.076786 
-0.000000 0.634404 0.773002 
0.000000 0.000000 
-2.864393 1.224059 0.080463 
0.000000 -0.471395 0.881922 
0.000000 0.000000 
-2.864393 1.200263 0.051467 
-0.000000 -0.995186 0.098003 
0.000000 0.000000 
-2.864393 1.211152 0.015572 
0.000000 -0.634390 -0.773013 
0.000000 0.000000 
-2.864393 1.267418 0.015572 
0.000000 0.773004 -0.634402 
0.000000 0.000000 
-2.864393 1.278306 0.051467 
0.000000 0.995185 0.098018 
0.000000 0.000000 
-2.864393 1.217180 0.076786 
0.000000 -0.471395 0.881922 
0.000000 0.000000 
-2.864393 1.254510 0.080463 
0.000000 0.471402 0.881919 
0.000000 0.000000 
-2.864393 1.199498 0.043705 
-0.000000 -0.995186 -0.098004 
0.000000 0.000000 
-2.864393 1.217181 0.010624 
0.000000 -0.634390 -0.773014 
0.000000 0.000000 
-2.864393 1.272366 0.021601 
0.000000 0.773004 -0.634402 
0.000000 0.000000 
-2.864393 1.276042 0.058930 
0.000000 0.881915 0.471409 
0.000000 0.000000 
-2.864393 1.247046 0.082727 
0.000000 0.098020 0.995184 
0.000000 0.000000 
-2.864393 1.211152 0.071838 
0.000000 -0.634404 0.773002 
0.000000 0.000000 
-2.864393 1.200263 0.035943 
-0.000000 -0.995186 -0.098004 
0.000000 0.000000 
-2.864393 1.224059 0.006947 
0.000000 -0.290274 -0.956944 
0.000000 0.000000 
-2.864393 1.239285 0.003919 
0.000000 -0.098022 -0.995184 
0.000000 0.000000 
-2.864393 1.247046 0.004683 
0.000000 0.098024 -0.995184 
0.000000 0.000000 
-2.864393 1.272366 0.065809 
0.000000 0.773004 0.634402 
0.000000 0.000000 
-2.864393 1.276042 0.028479 
0.000000 0.956946 -0.290267 
0.000000 0.000000 
-2.864393 1.239284 0.083491 
-0.000000 -0.098025 0.995184 
0.000000 0.000000 
-2.864393 1.206204 0.065809 
0.000000 -0.881915 0.471409 
0.000000 0.000000 
-2.864393 1.202527 0.028479 
0.000000 -0.881915 -0.471409 
0.000000 0.000000 
-2.864393 1.231523 0.004683 
0.000000 -0.098022 -0.995184 
0.000000 0.000000 
-2.864393 1.254510 0.006947 
0.000000 0.471401 -0.881919 
0.000000 0.000000 
-2.864393 1.278306 0.035943 
0.000000 0.956946 -0.290267 
0.000000 0.000000 
-2.864393 1.267418 0.071838 
0.000000 0.773004 0.634402 
0.000000 0.000000 
-2.864393 1.231523 0.082727 
0.000000 -0.098025 0.995184 
0.000000 0.000000 
-2.864393 1.202527 0.058930 
0.000000 -0.881915 0.471408 
0.000000 0.000000 
-2.864393 1.206204 0.021601 
0.000000 -0.881915 -0.471408 
0.000000 0.000000 
-1.456906 1.236909 -0.019756 
-0.378532 0.090724 -0.921131 
0.000000 0.000000 
-0.925916 1.236508 -0.238002 
-0.372072 0.179537 -0.910675 
0.000000 0.000000 
-1.456906 1.249290 -0.018537 
-0.378375 0.093527 -0.920915 
0.000000 0.000000 
-0.925916 1.263762 -0.232589 
-0.371955 0.180829 -0.910467 
0.000000 0.000000 
-1.456906 1.261194 -0.014925 
-0.365474 0.278143 -0.888294 
0.000000 0.000000 
-0.925916 1.289968 -0.216558 
-0.332205 0.492182 -0.804609 
0.000000 0.000000 
-1.456906 1.272166 -0.009061 
-0.337288 0.455115 -0.824080 
0.000000 0.000000 
-0.925916 1.314121 -0.190526 
-0.278841 0.704010 -0.653160 
0.000000 0.000000 
-1.456906 1.281783 -0.001169 
-0.297235 0.617801 -0.727993 
0.000000 0.000000 
-0.925916 1.335290 -0.155492 
-0.230199 0.832898 -0.503279 
0.000000 0.000000 
-1.456906 1.289675 0.008448 
-0.250879 0.758408 -0.601562 
0.000000 0.000000 
-0.925916 1.352664 -0.112803 
-0.192294 0.908944 -0.369925 
0.000000 0.000000 
-1.456906 1.295539 0.019420 
-0.205382 0.869546 -0.449119 
0.000000 0.000000 
-0.925916 1.365573 -0.064100 
-0.165477 0.953293 -0.252686 
0.000000 0.000000 
-1.456906 1.299151 0.031324 
-0.168175 0.945927 -0.277380 
0.000000 0.000000 
-0.925916 1.373523 -0.011253 
-0.148760 0.977870 -0.147110 
0.000000 0.000000 
-1.456906 1.300370 0.043705 
-0.145401 0.984913 -0.093837 
0.000000 0.000000 
-0.925916 1.376207 0.043705 
-0.141222 0.988799 -0.048290 
0.000000 0.000000 
-1.456906 1.299151 0.056086 
-0.140832 0.985561 0.093996 
0.000000 0.000000 
-0.925916 1.373523 0.098663 
-0.142344 0.988639 0.048282 
0.000000 0.000000 
-1.456906 1.295539 0.067990 
-0.155290 0.947732 0.278729 
0.000000 0.000000 
-0.925916 1.365573 0.151510 
-0.152036 0.977377 0.147036 
0.000000 0.000000 
-1.456906 1.289675 0.078962 
-0.186465 0.872106 0.452397 
0.000000 0.000000 
-0.925916 1.352664 0.200213 
-0.170632 0.952443 0.252461 
0.000000 0.000000 
-1.456906 1.281783 0.088579 
-0.229165 0.761139 0.606754 
0.000000 0.000000 
-0.925916 1.335290 0.242902 
-0.198840 0.907735 0.369433 
0.000000 0.000000 
-1.456906 1.272166 0.096471 
-0.276211 0.620108 0.734284 
0.000000 0.000000 
-0.925916 1.314121 0.277936 
-0.237382 0.831419 0.502387 
0.000000 0.000000 
-1.456906 1.261194 0.102335 
-0.320034 0.456595 0.830120 
0.000000 0.000000 
-0.925916 1.289968 0.303969 
-0.285582 0.702558 0.651809 
0.000000 0.000000 
-1.456906 1.249290 0.105947 
-0.354246 0.278752 0.892640 
0.000000 0.000000 
-0.925916 1.263762 0.319999 
-0.337141 0.491264 0.803116 
0.000000 0.000000 
-1.456906 1.236909 0.107166 
-0.374490 0.093599 0.922495 
0.000000 0.000000 
-0.925916 1.236508 0.325412 
-0.373784 0.180687 0.909746 
0.000000 0.000000 
-1.456906 1.224528 0.105947 
-0.378496 -0.093519 0.920866 
0.000000 0.000000 
-0.925916 1.209254 0.319999 
-0.372191 -0.180809 0.910375 
0.000000 0.000000 
-1.456906 1.212624 0.102335 
-0.365840 -0.278091 0.888159 
0.000000 0.000000 
-0.925916 1.183047 0.303968 
-0.332867 -0.492060 0.804411 
0.000000 0.000000 
-1.456906 1.201652 0.096471 
-0.337900 -0.454993 0.823896 
0.000000 0.000000 
-0.925916 1.158895 0.277936 
-0.279822 -0.703802 0.652964 
0.000000 0.000000 
-1.456906 1.192035 0.088579 
-0.298086 -0.617631 0.727789 
0.000000 0.000000 
-0.925916 1.137725 0.242902 
-0.231391 -0.832655 0.503133 
0.000000 0.000000 
-1.456906 1.184143 0.078962 
-0.251955 -0.758185 0.601393 
0.000000 0.000000 
-0.925916 1.120352 0.200213 
-0.193617 -0.908705 0.369822 
0.000000 0.000000 
-1.456906 1.178279 0.067990 
-0.206645 -0.869295 0.449025 
0.000000 0.000000 
-0.925916 1.107442 0.151509 
-0.166879 -0.953063 0.252629 
0.000000 0.000000 
-1.456906 1.174667 0.056086 
-0.169563 -0.945703 0.277299 
0.000000 0.000000 
-0.925916 1.099493 0.098663 
-0.150204 -0.977656 0.147063 
0.000000 0.000000 
-1.456906 1.173448 0.043705 
-0.146857 -0.984698 0.093817 
0.000000 0.000000 
-0.925916 1.096808 0.043705 
-0.142687 -0.988590 0.048284 
0.000000 0.000000 
-1.456906 1.174667 0.031324 
-0.142291 -0.985353 -0.093977 
0.000000 0.000000 
-0.925916 1.099493 -0.011254 
-0.143807 -0.988427 -0.048276 
0.000000 0.000000 
-1.456906 1.178279 0.019419 
-0.156687 -0.947520 -0.278665 
0.000000 0.000000 
-0.925916 1.107442 -0.064100 
-0.153478 -0.977159 -0.146988 
0.000000 0.000000 
-1.456906 1.184143 0.008448 
-0.187739 -0.871888 -0.452289 
0.000000 0.000000 
-0.925916 1.120352 -0.112803 
-0.172031 -0.952207 -0.252403 
0.000000 0.000000 
-1.456906 1.192035 -0.001169 
-0.230254 -0.760947 -0.606583 
0.000000 0.000000 
-0.925916 1.137725 -0.155492 
-0.200157 -0.907488 -0.369328 
0.000000 0.000000 
-1.456906 1.201652 -0.009061 
-0.277077 -0.619951 -0.734091 
0.000000 0.000000 
-0.925916 1.158895 -0.190526 
-0.238569 -0.831165 -0.502244 
0.000000 0.000000 
-1.456906 1.212624 -0.014925 
-0.320653 -0.456502 -0.829932 
0.000000 0.000000 
-0.925916 1.183047 -0.216559 
-0.286558 -0.702342 -0.651614 
0.000000 0.000000 
-1.456906 1.224528 -0.018537 
-0.354615 -0.278714 -0.892506 
0.000000 0.000000 
-0.925916 1.209254 -0.232589 
1.000000 0.000000 0.000000 
0.000000 0.000000 
-0.925916 1.310807 0.141826 
0.180865 -0.910957 -0.370736 
0.000000 0.000000 
-1.456906 1.270661 0.065809 
1.000000 0.000000 0.000000 
0.000000 0.000000 
-0.925916 1.237985 -0.132908 
1.000000 0.000000 0.000000 
0.000000 0.000000 
-1.456906 1.237580 0.003919 
-1.000000 0.000000 0.000000 
0.000000 0.000000 
-0.925916 1.220898 -0.129515 
1.000000 0.000000 0.000000 
0.000000 0.000000 
-1.456906 1.229818 0.004683 
-1.000000 0.000000 0.000000 
0.000000 0.000000 
-0.925916 1.204468 -0.119465 
1.000000 0.000000 0.000000 
0.000000 0.000000 
-1.456906 1.222355 0.006947 
-1.000000 0.000000 0.000000 
0.000000 0.000000 
-0.925916 1.157068 0.111292 
-1.000000 0.000000 0.000000 
0.000000 0.000000 
-1.456906 1.200822 0.058930 
-1.000000 0.000000 0.000000 
0.000000 0.000000 
-0.925916 1.165162 0.141826 
-1.000000 0.000000 0.000000 
0.000000 0.000000 
-1.456906 1.204499 0.065809 
-1.000000 0.000000 0.000000 
0.000000 0.000000 
-0.925916 1.152084 0.078160 
-1.000000 0.000000 0.000000 
0.000000 0.000000 
-1.456906 1.198558 0.051467 
-1.000000 0.000000 0.000000 
0.000000 0.000000 
-0.925916 1.176054 0.168590 
-1.000000 0.000000 0.000000 
0.000000 0.000000 
-1.456906 1.209447 0.071838 
-1.000000 0.000000 0.000000 
0.000000 0.000000 
-0.925916 1.220898 0.216925 
0.350848 0.181293 -0.918715 
0.000000 0.000000 
-1.456906 1.229818 0.082727 
1.000000 0.000000 0.000000 
0.000000 0.000000 
-0.925916 1.237985 0.220318 
0.350821 0.182428 -0.918501 
0.000000 0.000000 
-1.456906 1.237580 0.083491 
1.000000 0.000000 0.000000 
0.000000 0.000000 
-0.925916 1.204468 0.206875 
0.266741 0.706525 -0.655494 
0.000000 0.000000 
-1.456906 1.222355 0.080463 
1.000000 0.000000 0.000000 
0.000000 0.000000 
-0.925916 1.323885 0.009249 
-1.000000 0.000000 0.000000 
0.000000 0.000000 
-1.456906 1.276602 0.035943 
1.000000 0.000000 0.000000 
0.000000 0.000000 
-0.925916 1.286644 -0.103144 
1.000000 0.000000 0.000000 
0.000000 0.000000 
-1.456906 1.259684 0.010624 
-1.000000 0.000000 0.000000 
0.000000 0.000000 
-0.925916 1.325568 0.043705 
1.000000 0.000000 0.000000 
0.000000 0.000000 
-1.456906 1.277366 0.043705 
-1.000000 0.000000 0.000000 
0.000000 0.000000 
-0.925916 1.318901 -0.023882 
1.000000 0.000000 0.000000 
0.000000 0.000000 
-1.456906 1.274338 0.028479 
1.000000 0.000000 0.000000 
0.000000 0.000000 
-0.925916 1.255071 0.216925 
0.349434 -0.182523 -0.919011 
0.000000 0.000000 
-1.456906 1.245342 0.082727 
1.000000 0.000000 0.000000 
0.000000 0.000000 
-0.925916 1.176054 -0.081180 
-1.000000 0.000000 0.000000 
0.000000 0.000000 
-1.456906 1.209447 0.015572 
-1.000000 0.000000 0.000000 
0.000000 0.000000 
-0.925916 1.189326 -0.103144 
-1.000000 0.000000 0.000000 
0.000000 0.000000 
-1.456906 1.215476 0.010624 
-1.000000 0.000000 0.000000 
0.000000 0.000000 
-0.925916 1.165162 -0.054416 
-1.000000 0.000000 0.000000 
0.000000 0.000000 
-1.456906 1.204499 0.021601 
-1.000000 0.000000 0.000000 
0.000000 0.000000 
-0.925916 1.323885 0.078161 
0.133335 -0.989857 -0.049049 
0.000000 0.000000 
-1.456906 1.276602 0.051467 
1.000000 0.000000 0.000000 
0.000000 0.000000 
-0.925916 1.286643 0.190554 
1.000000 0.000000 0.000000 
0.000000 0.000000 
-1.456906 1.259684 0.076786 
1.000000 0.000000 0.000000 
0.000000 0.000000 
-0.925916 1.299915 0.168590 
0.181855 -0.909135 -0.374703 
0.000000 0.000000 
-1.456906 1.265713 0.071838 
1.000000 0.000000 0.000000 
0.000000 0.000000 
-0.925916 1.318901 0.111292 
0.155861 -0.954803 -0.253098 
0.000000 0.000000 
-1.456906 1.274338 0.058930 
1.000000 0.000000 0.000000 
0.000000 0.000000 
-0.925916 1.150401 0.043705 
1.000000 0.000000 0.000000 
0.000000 0.000000 
-1.456906 1.197794 0.043705 
-1.000000 0.000000 0.000000 
0.000000 0.000000 
-0.925916 1.189326 0.190554 
0.267295 0.703902 -0.658084 
0.000000 0.000000 
-1.456906 1.215476 0.076786 
-1.000000 0.000000 0.000000 
0.000000 0.000000 
-0.925916 1.152084 0.009249 
-1.000000 0.000000 0.000000 
0.000000 0.000000 
-1.456906 1.198558 0.035943 
1.000000 0.000000 0.000000 
0.000000 0.000000 
-0.925916 1.299915 -0.081179 
1.000000 0.000000 0.000000 
0.000000 0.000000 
-1.456906 1.265713 0.015572 
1.000000 0.000000 0.000000 
0.000000 0.000000 
-0.925916 1.271501 0.206875 
-1.000000 0.000000 0.000000 
0.000000 0.000000 
-1.456906 1.252806 0.080463 
1.000000 0.000000 0.000000 
0.000000 0.000000 
-0.925916 1.310807 -0.054416 
1.000000 0.000000 0.000000 
0.000000 0.000000 
-1.456906 1.270661 0.021601 
1.000000 0.000000 0.000000 
0.000000 0.000000 
-0.925916 1.157068 -0.023882 
-1.000000 0.000000 0.000000 
0.000000 0.000000 
-1.456906 1.200823 0.028479 
1.000000 0.000000 0.000000 
0.000000 0.000000 
-0.925916 1.271501 -0.119464 
1.000000 0.000000 0.000000 
0.000000 0.000000 
-1.456906 1.252806 0.006947 
-1.000000 0.000000 0.000000 
0.000000 0.000000 
-0.925916 1.255071 -0.129515 
1.000000 0.000000 0.000000 
0.000000 0.000000 
-1.456906 1.245342 0.004683 
-1.000000 0.000000 0.000000 
0.000000 0.000000 
-1.283939 1.259684 0.010624 
0.259287 -0.622567 0.738363 
0.000000 0.000000 
-1.283939 1.277366 0.043705 
0.137183 -0.986060 -0.094164 
0.000000 0.000000 
-1.283939 1.259684 0.076786 
0.281536 -0.608743 -0.741734 
0.000000 0.000000 
-1.283939 1.222355 0.080463 
0.299524 0.459228 -0.836298 
0.000000 0.000000 
-1.283939 1.198558 0.051467 
0.130704 0.986924 -0.094331 
0.000000 0.000000 
-1.283939 1.209447 0.015572 
0.277967 0.620741 0.733086 
0.000000 0.000000 
-1.283939 1.265713 0.015572 
0.215238 -0.763118 0.609363 
0.000000 0.000000 
-1.283939 1.276602 0.051467 
0.137423 -0.985743 -0.097088 
0.000000 0.000000 
-1.283939 1.215476 0.076786 
0.300165 0.449652 -0.841257 
0.000000 0.000000 
-1.283939 1.252806 0.080463 
0.318508 -0.446845 -0.835992 
0.000000 0.000000 
-1.283939 1.197794 0.043705 
0.134995 0.986359 0.094192 
0.000000 0.000000 
-1.283939 1.215476 0.010624 
0.280271 0.608964 0.742032 
0.000000 0.000000 
-1.283939 1.270661 0.021601 
0.216144 -0.754738 0.619396 
0.000000 0.000000 
-1.283939 1.274338 0.058930 
0.193209 -0.871287 -0.451142 
0.000000 0.000000 
-1.283939 1.245342 0.082727 
0.355445 -0.094260 -0.929932 
0.000000 0.000000 
-1.283939 1.209447 0.071838 
0.258924 0.612769 -0.746640 
0.000000 0.000000 
-1.283939 1.198558 0.035943 
0.135236 0.986042 0.097118 
0.000000 0.000000 
-1.283939 1.222355 0.006947 
0.342890 0.280181 0.896619 
0.000000 0.000000 
-1.283939 1.237580 0.003919 
0.355400 0.091622 0.930213 
0.000000 0.000000 
-1.283939 1.245342 0.004683 
0.351689 -0.091762 0.931609 
0.000000 0.000000 
-1.283939 1.270661 0.065809 
0.235778 -0.760682 -0.604791 
0.000000 0.000000 
-1.283939 1.274338 0.028479 
0.146337 -0.948895 0.279612 
0.000000 0.000000 
-1.283939 1.237580 0.083491 
0.351529 0.094336 -0.931412 
0.000000 0.000000 
-1.283939 1.204499 0.065809 
0.173468 0.873854 -0.454190 
0.000000 0.000000 
-1.283939 1.200822 0.028479 
0.191311 0.871616 0.451314 
0.000000 0.000000 
-1.283939 1.229818 0.004683 
0.355258 0.094278 0.930002 
0.000000 0.000000 
-1.283939 1.252806 0.006947 
0.300467 -0.459101 0.836029 
0.000000 0.000000 
-1.283939 1.276602 0.035943 
0.146428 -0.946627 0.287152 
0.000000 0.000000 
-1.283939 1.265713 0.071838 
0.238222 -0.750757 -0.616129 
0.000000 0.000000 
-1.283939 1.229818 0.082727 
0.351507 0.091761 -0.931677 
0.000000 0.000000 
-1.283939 1.200822 0.058930 
0.174027 0.868451 -0.464227 
0.000000 0.000000 
-1.283939 1.204499 0.021601 
0.193277 0.865280 0.462531 
0.000000 0.000000 
-3.525505 1.250994 -0.018537 
0.000000 -0.290283 0.956941 
0.000000 0.000000 
-1.456694 1.250994 -0.018537 
0.000000 -0.290289 0.956939 
0.000000 0.000000 
-3.525505 1.262899 -0.014925 
0.000000 -0.471394 0.881923 
0.000000 0.000000 
-1.456694 1.262899 -0.014925 
0.000000 -0.471394 0.881923 
0.000000 0.000000 
-3.525505 1.273871 -0.009061 
0.000000 -0.634395 0.773009 
0.000000 0.000000 
-1.456694 1.273871 -0.009061 
0.000000 -0.634391 0.773012 
0.000000 0.000000 
-3.525505 1.283487 -0.001169 
0.000000 -0.773014 0.634389 
0.000000 0.000000 
-1.456694 1.283487 -0.001169 
0.000000 -0.773009 0.634395 
0.000000 0.000000 
-3.525505 1.291379 0.008448 
0.000000 -0.881919 0.471401 
0.000000 0.000000 
-1.456694 1.291380 0.008448 
0.000000 -0.881927 0.471386 
0.000000 0.000000 
-3.525505 1.297244 0.019420 
0.000000 -0.956937 0.290296 
0.000000 0.000000 
-1.456694 1.297244 0.019420 
0.000000 -0.956937 0.290296 
0.000000 0.000000 
-3.525505 1.300855 0.031324 
0.000000 -0.995185 0.098018 
0.000000 0.000000 
-1.456694 1.300855 0.031324 
0.000000 -0.995185 0.098018 
0.000000 0.000000 
-3.525505 1.302075 0.043705 
0.000000 -0.995185 -0.098018 
0.000000 0.000000 
-1.456694 1.302075 0.043705 
0.000000 -0.995185 -0.098018 
0.000000 0.000000 
-3.525505 1.300855 0.056086 
0.000000 -0.956937 -0.290296 
0.000000 0.000000 
-1.456694 1.300855 0.056086 
0.000000 -0.956937 -0.290296 
0.000000 0.000000 
-3.525505 1.297244 0.067990 
0.000000 -0.881919 -0.471401 
0.000000 0.000000 
-1.456694 1.297244 0.067990 
0.000000 -0.881927 -0.471386 
0.000000 0.000000 
-3.525505 1.291379 0.078962 
0.000000 -0.773014 -0.634389 
0.000000 0.000000 
-1.456694 1.291380 0.078962 
0.000000 -0.773009 -0.634395 
0.000000 0.000000 
-3.525505 1.283487 0.088579 
0.000000 -0.634396 -0.773008 
0.000000 0.000000 
-1.456694 1.283487 0.088579 
0.000000 -0.634391 -0.773012 
0.000000 0.000000 
-3.525505 1.273871 0.096471 
0.000000 -0.471398 -0.881921 
0.000000 0.000000 
-1.456694 1.273871 0.096471 
0.000000 -0.471398 -0.881921 
0.000000 0.000000 
-3.525505 1.262899 0.102335 
0.000000 -0.290279 -0.956942 
0.000000 0.000000 
-1.456694 1.262899 0.102335 
0.000000 -0.290284 -0.956940 
0.000000 0.000000 
-3.525505 1.250994 0.105947 
0.000000 -0.098019 -0.995184 
0.000000 0.000000 
-1.456694 1.250994 0.105947 
0.000000 -0.098018 -0.995185 
0.000000 0.000000 
-3.525505 1.238614 0.107166 
0.000000 0.098018 -0.995185 
0.000000 0.000000 
-1.456694 1.238614 0.107166 
0.000000 0.098018 -0.995185 
0.000000 0.000000 
-3.525505 1.226233 0.105947 
-0.000000 0.290283 -0.956941 
0.000000 0.000000 
-1.456694 1.226233 0.105947 
0.000000 0.290286 -0.956940 
0.000000 0.000000 
-3.525505 1.214328 0.102335 
0.000000 0.471398 -0.881921 
0.000000 0.000000 
-1.456694 1.214328 0.102335 
-0.000000 0.471390 -0.881925 
0.000000 0.000000 
-3.525505 1.203357 0.096471 
0.000000 0.634396 -0.773009 
0.000000 0.000000 
-1.456694 1.203356 0.096471 
0.000000 0.634400 -0.773005 
0.000000 0.000000 
-3.525505 1.193740 0.088579 
0.000000 0.773012 -0.634392 
0.000000 0.000000 
-1.456694 1.193740 0.088579 
0.000000 0.773007 -0.634398 
0.000000 0.000000 
-3.525505 1.185848 0.078962 
0.000000 0.881919 -0.471401 
0.000000 0.000000 
-1.456694 1.185848 0.078962 
0.000000 0.881919 -0.471401 
0.000000 0.000000 
-3.525505 1.179983 0.067990 
0.000000 0.956943 -0.290277 
0.000000 0.000000 
-1.456694 1.179983 0.067990 
0.000000 0.956943 -0.290277 
0.000000 0.000000 
-3.525505 1.176372 0.056086 
0.000000 0.995185 -0.098018 
0.000000 0.000000 
-1.456694 1.176372 0.056086 
0.000000 0.995186 -0.098008 
0.000000 0.000000 
-3.525505 1.175153 0.043705 
0.000000 0.995185 0.098018 
0.000000 0.000000 
-1.456694 1.175153 0.043705 
0.000000 0.995186 0.098008 
0.000000 0.000000 
-3.525505 1.176372 0.031324 
-0.000000 0.956942 0.290278 
0.000000 0.000000 
-1.456694 1.176372 0.031324 
0.000000 0.956937 0.290296 
0.000000 0.000000 
-3.525505 1.179983 0.019419 
0.000000 0.881919 0.471401 
0.000000 0.000000 
-1.456694 1.179983 0.019419 
-0.000000 0.881927 0.471386 
0.000000 0.000000 
-3.525505 1.185848 0.008448 
0.000000 0.773014 0.634389 
0.000000 0.000000 
-1.456694 1.185848 0.008448 
0.000000 0.773009 0.634395 
0.000000 0.000000 
-3.525505 1.193740 -0.001169 
0.000000 0.634383 0.773019 
0.000000 0.000000 
-1.456694 1.193740 -0.001169 
0.000000 0.634388 0.773015 
0.000000 0.000000 
-3.525505 1.203357 -0.009061 
0.000000 0.471398 0.881921 
0.000000 0.000000 
-1.456694 1.203357 -0.009061 
0.000000 0.471398 0.881921 
0.000000 0.000000 
-3.525505 1.262899 -0.014925 
1.000000 0.000000 0.000000 
0.000000 0.000000 
-3.525505 1.273871 -0.009061 
1.000000 0.000000 0.000000 
0.000000 0.000000 
-3.525505 1.283487 -0.001169 
1.000000 0.000000 0.000000 
0.000000 0.000000 
-3.525505 1.291379 0.008448 
1.000000 0.000000 0.000000 
0.000000 0.000000 
-3.525505 1.297244 0.019420 
1.000000 0.000000 0.000000 
0.000000 0.000000 
-3.525505 1.300855 0.031324 
1.000000 0.000000 0.000000 
0.000000 0.000000 
-3.525505 1.302075 0.043705 
1.000000 0.000000 0.000000 
0.000000 0.000000 
-3.525505 1.175153 0.043705 
1.000000 0.000000 0.000000 
0.000000 0.000000 
-3.525505 1.176372 0.031324 
1.000000 0.000000 0.000000 
0.000000 0.000000 
-3.525505 1.179983 0.019419 
1.000000 0.000000 0.000000 
0.000000 0.000000 
-3.525505 1.185848 0.008448 
1.000000 0.000000 0.000000 
0.000000 0.000000 
-3.525505 1.193740 -0.001169 
1.000000 0.000000 0.000000 
0.000000 0.000000 
-3.525505 1.203357 -0.009061 
1.000000 0.000000 0.000000 
0.000000 0.000000 
-3.525505 1.214328 -0.014925 
1.000000 0.000000 0.000000 
0.000000 0.000000 
-3.525505 1.238614 -0.019756 
1.000000 0.000000 0.000000 
0.000000 0.000000 
-3.525505 1.250994 -0.018537 
1.000000 0.000000 0.000000 
0.000000 0.000000 
-3.525505 1.226233 -0.018537 
0.000000 0.290284 0.956941 
0.000000 0.000000 
-3.525505 1.214328 -0.014925 
0.000000 0.290284 0.956940 
0.000000 0.000000 
-1.456694 1.214328 -0.014925 
0.000000 0.290281 0.956941 
0.000000 0.000000 
-1.456694 1.238614 -0.019756 
0.000000 0.098019 0.995185 
0.000000 0.000000 
-3.525505 1.238614 -0.019756 
0.000000 0.098019 0.995185 
0.000000 0.000000 
-3.525505 1.226233 -0.018537 
0.000000 0.098019 0.995185 
0.000000 0.000000 
-1.456694 1.226233 -0.018537 
0.000000 0.098019 0.995185 
0.000000 0.000000 
-1.456694 1.226233 -0.018537 
-1.000000 0.000000 0.000000 
0.000000 0.000000 
-1.456694 1.214328 -0.014925 
-1.000000 0.000000 0.000000 
0.000000 0.000000 
-1.456694 1.203357 -0.009061 
-1.000000 0.000000 0.000000 
0.000000 0.000000 
-1.456694 1.193740 -0.001169 
-1.000000 0.000000 0.000000 
0.000000 0.000000 
-1.456694 1.185848 0.008448 
-1.000000 0.000000 0.000000 
0.000000 0.000000 
-1.456694 1.179983 0.019419 
-1.000000 0.000000 0.000000 
0.000000 0.000000 
-1.456694 1.176372 0.031324 
-1.000000 0.000000 0.000000 
0.000000 0.000000 
-1.456694 1.175153 0.043705 
-1.000000 0.000000 0.000000 
0.000000 0.000000 
-1.456694 1.302075 0.043705 
-1.000000 0.000000 0.000000 
0.000000 0.000000 
-1.456694 1.300855 0.031324 
-1.000000 0.000000 0.000000 
0.000000 0.000000 
-1.456694 1.297244 0.019420 
-1.000000 0.000000 0.000000 
0.000000 0.000000 
-1.456694 1.291380 0.008448 
-1.000000 0.000000 0.000000 
0.000000 0.000000 
-1.456694 1.283487 -0.001169 
-1.000000 0.000000 0.000000 
0.000000 0.000000 
-1.456694 1.273871 -0.009061 
-1.000000 0.000000 0.000000 
0.000000 0.000000 
-1.456694 1.262899 -0.014925 
-1.000000 0.000000 0.000000 
0.000000 0.000000 
-1.456694 1.250994 -0.018537 
-1.000000 0.000000 0.000000 
0.000000 0.000000 
-1.456694 1.238614 -0.019756 
-1.000000 0.000000 0.000000 
0.000000 0.000000 
-3.525505 1.279071 0.043705 
0.000000 0.995185 0.098018 
0.000000 0.000000 
-3.525505 1.272366 0.065809 
0.000000 0.881915 0.471409 
0.000000 0.000000 
-2.864393 1.272366 0.065809 
0.000000 0.881915 0.471408 
0.000000 0.000000 
-3.525505 1.199498 0.043705 
0.000000 -0.995185 -0.098019 
0.000000 0.000000 
-3.525505 1.200263 0.035943 
-0.000000 -0.995185 -0.098019 
0.000000 0.000000 
-3.525505 1.276042 0.028479 
0.000000 0.956941 -0.290281 
0.000000 0.000000 
-3.525505 1.278306 0.035943 
0.000000 0.956941 -0.290281 
0.000000 0.000000 
-2.864393 1.278306 0.035943 
0.000000 0.995185 -0.098018 
0.000000 0.000000 
-3.525505 1.278306 0.035943 
0.000000 0.995185 -0.098018 
0.000000 0.000000 
-3.525505 1.279071 0.043705 
0.000000 0.995185 -0.098018 
0.000000 0.000000 
-2.864393 1.279071 0.043705 
0.000000 0.995185 -0.098018 
0.000000 0.000000 
-3.525505 1.267418 0.015572 
0.000000 0.773004 -0.634402 
0.000000 0.000000 
-3.525505 1.272366 0.021601 
0.000000 0.773004 -0.634402 
0.000000 0.000000 
-3.525505 1.231523 0.004683 
0.000000 -0.098024 -0.995184 
0.000000 0.000000 
-3.525505 1.239285 0.003919 
0.000000 -0.098024 -0.995184 
0.000000 0.000000 
-3.525505 1.202527 0.028479 
0.000000 -0.881915 -0.471408 
0.000000 0.000000 
-3.525505 1.206204 0.021601 
0.000000 -0.881915 -0.471409 
0.000000 0.000000 
-3.525505 1.239285 0.083491 
0.000000 0.098022 0.995184 
0.000000 0.000000 
-2.864393 1.239284 0.083491 
0.000000 0.098020 0.995185 
0.000000 0.000000 
-3.525505 1.224059 0.006947 
0.000000 -0.290274 -0.956943 
0.000000 0.000000 
-3.525505 1.231523 0.004683 
0.000000 -0.290274 -0.956943 
0.000000 0.000000 
-2.864393 1.231523 0.004683 
0.000000 -0.290274 -0.956944 
0.000000 0.000000 
-3.525505 1.261389 0.010624 
0.000000 0.634404 -0.773001 
0.000000 0.000000 
-3.525505 1.267418 0.015572 
0.000000 0.634404 -0.773001 
0.000000 0.000000 
-2.864393 1.267418 0.015572 
0.000000 0.634404 -0.773001 
0.000000 0.000000 
-3.525505 1.300855 0.056086 
1.000000 0.000000 0.000000 
0.000000 0.000000 
-3.525505 1.297244 0.067990 
1.000000 0.000000 0.000000 
0.000000 0.000000 
-3.525505 1.291379 0.078962 
1.000000 0.000000 0.000000 
0.000000 0.000000 
-3.525505 1.283487 0.088579 
1.000000 0.000000 0.000000 
0.000000 0.000000 
-3.525505 1.273871 0.096471 
1.000000 0.000000 0.000000 
0.000000 0.000000 
-3.525505 1.262899 0.102335 
1.000000 0.000000 0.000000 
0.000000 0.000000 
-3.525505 1.250994 0.105947 
1.000000 0.000000 0.000000 
0.000000 0.000000 
-3.525505 1.238614 0.107166 
1.000000 0.000000 0.000000 
0.000000 0.000000 
-3.525505 1.226233 0.105947 
1.000000 0.000000 0.000000 
0.000000 0.000000 
-3.525505 1.214328 0.102335 
1.000000 0.000000 0.000000 
0.000000 0.000000 
-3.525505 1.203357 0.096471 
1.000000 0.000000 0.000000 
0.000000 0.000000 
-3.525505 1.193740 0.088579 
1.000000 0.000000 0.000000 
0.000000 0.000000 
-3.525505 1.185848 0.078962 
1.000000 0.000000 0.000000 
0.000000 0.000000 
-3.525505 1.179983 0.067990 
1.000000 0.000000 0.000000 
0.000000 0.000000 
-3.525505 1.176372 0.056086 
1.000000 0.000000 0.000000 
0.000000 0.000000 
-3.525505 1.217180 0.076786 
-1.000000 0.000000 0.000000 
0.000000 0.000000 
-3.525505 1.224059 0.080463 
-1.000000 0.000000 0.000000 
0.000000 0.000000 
-3.525505 1.231523 0.082727 
-1.000000 0.000000 0.000000 
0.000000 0.000000 
-3.525505 1.239285 0.083491 
-1.000000 0.000000 0.000000 
0.000000 0.000000 
-3.525505 1.247046 0.082727 
-1.000000 0.000000 0.000000 
0.000000 0.000000 
-3.525505 1.267418 0.071838 
1.000000 0.000000 0.000000 
0.000000 0.000000 
-3.525505 1.272366 0.065809 
1.000000 0.000000 0.000000 
0.000000 0.000000 
-3.525505 1.276042 0.058930 
1.000000 0.000000 0.000000 
0.000000 0.000000 
-3.525505 1.278306 0.051467 
1.000000 0.000000 0.000000 
0.000000 0.000000 
-3.525505 1.254510 0.006947 
0.000000 0.471401 -0.881919 
0.000000 0.000000 
-3.525505 1.261389 0.010624 
0.000000 0.471401 -0.881919 
0.000000 0.000000 
-2.864393 1.261389 0.010624 
0.000000 0.471401 -0.881919 
0.000000 0.000000 
-2.864393 1.267418 0.071838 
-0.000000 0.634404 0.773002 
0.000000 0.000000 
-3.525505 1.267418 0.071838 
0.000000 0.634389 0.773014 
0.000000 0.000000 
-3.525505 1.261388 0.076786 
-0.000000 0.634389 0.773014 
0.000000 0.000000 
-3.525505 1.211152 0.015572 
0.000000 -0.634404 -0.773001 
0.000000 0.000000 
-3.525505 1.217180 0.010624 
0.000000 -0.634404 -0.773001 
0.000000 0.000000 
-2.864393 1.200263 0.035943 
-0.000000 -0.956942 -0.290279 
0.000000 0.000000 
-3.525505 1.200263 0.035943 
-0.000000 -0.956946 -0.290265 
0.000000 0.000000 
-3.525505 1.202527 0.028479 
-0.000000 -0.956946 -0.290265 
0.000000 0.000000 
-2.864393 1.202527 0.028479 
0.000000 -0.956942 -0.290279 
0.000000 0.000000 
-2.864393 1.261389 0.076786 
-0.000000 0.471402 0.881918 
0.000000 0.000000 
-3.525505 1.261388 0.076786 
-0.000000 0.471414 0.881912 
0.000000 0.000000 
-3.525505 1.254510 0.080463 
-0.000000 0.471414 0.881912 
0.000000 0.000000 
-2.864393 1.217180 0.076786 
0.000000 -0.634404 0.773002 
0.000000 0.000000 
-3.525505 1.217180 0.076786 
0.000000 -0.634389 0.773014 
0.000000 0.000000 
-3.525505 1.211151 0.071838 
0.000000 -0.634389 0.773014 
0.000000 0.000000 
-3.525505 1.206204 0.065809 
0.000000 -0.881915 0.471408 
0.000000 0.000000 
-3.525505 1.202527 0.058930 
0.000000 -0.881915 0.471409 
0.000000 0.000000 
-2.864393 1.239285 0.003919 
-0.000000 0.098024 -0.995184 
0.000000 0.000000 
-3.525505 1.239285 0.003919 
-0.000000 0.098022 -0.995184 
0.000000 0.000000 
-3.525505 1.247046 0.004683 
-0.000000 0.098022 -0.995184 
0.000000 0.000000 
-2.864393 1.272366 0.021601 
0.000000 0.881915 -0.471408 
0.000000 0.000000 
-3.525505 1.272366 0.021601 
0.000000 0.881915 -0.471408 
0.000000 0.000000 
-3.525505 1.276042 0.028479 
0.000000 0.881915 -0.471408 
0.000000 0.000000 
-2.864393 1.276042 0.028479 
0.000000 0.881915 -0.471408 
0.000000 0.000000 
-3.525505 1.200263 0.051467 
-0.000000 -0.995185 0.098018 
0.000000 0.000000 
-3.525505 1.199498 0.043705 
-0.000000 -0.995185 0.098018 
0.000000 0.000000 
-2.864393 1.199498 0.043705 
0.000000 -0.995186 0.098003 
0.000000 0.000000 
-2.864393 1.278306 0.051467 
0.000000 0.956946 0.290267 
0.000000 0.000000 
-3.525505 1.278306 0.051467 
0.000000 0.956942 0.290281 
0.000000 0.000000 
-3.525505 1.276042 0.058930 
0.000000 0.956941 0.290281 
0.000000 0.000000 
-2.864393 1.276042 0.058930 
0.000000 0.956946 0.290267 
0.000000 0.000000 
-2.864393 1.231523 0.082727 
0.000000 -0.290282 0.956941 
0.000000 0.000000 
-3.525505 1.231523 0.082727 
0.000000 -0.290282 0.956941 
0.000000 0.000000 
-3.525505 1.224059 0.080463 
0.000000 -0.290282 0.956941 
0.000000 0.000000 
-2.864393 1.224059 0.080463 
0.000000 -0.290282 0.956941 
0.000000 0.000000 
-2.864393 1.217181 0.010624 
0.000000 -0.471407 -0.881916 
0.000000 0.000000 
-3.525505 1.217180 0.010624 
0.000000 -0.471395 -0.881922 
0.000000 0.000000 
-3.525505 1.224059 0.006947 
0.000000 -0.471395 -0.881922 
0.000000 0.000000 
-2.864393 1.224059 0.006947 
0.000000 -0.471407 -0.881916 
0.000000 0.000000 
-2.864393 1.247046 0.004683 
0.000000 0.290274 -0.956944 
0.000000 0.000000 
-3.525505 1.247046 0.004683 
0.000000 0.290274 -0.956943 
0.000000 0.000000 
-3.525505 1.254510 0.006947 
0.000000 0.290274 -0.956943 
0.000000 0.000000 
-2.864393 1.254510 0.006947 
0.000000 0.290274 -0.956944 
0.000000 0.000000 
-2.864393 1.254510 0.080463 
0.000000 0.290274 0.956944 
0.000000 0.000000 
-3.525505 1.254510 0.080463 
0.000000 0.290274 0.956944 
0.000000 0.000000 
-3.525505 1.247046 0.082727 
0.000000 0.290274 0.956944 
0.000000 0.000000 
-2.864393 1.247046 0.082727 
0.000000 0.290274 0.956944 
0.000000 0.000000 
-2.864393 1.202527 0.058930 
-0.000000 -0.956942 0.290279 
0.000000 0.000000 
-3.525505 1.202527 0.058930 
0.000000 -0.956946 0.290265 
0.000000 0.000000 
-3.525505 1.200263 0.051467 
-0.000000 -0.956946 0.290265 
0.000000 0.000000 
-2.864393 1.200263 0.051467 
-0.000000 -0.956942 0.290279 
0.000000 0.000000 
-2.864393 1.206204 0.021601 
0.000000 -0.773004 -0.634402 
0.000000 0.000000 
-3.525505 1.206204 0.021601 
0.000000 -0.773004 -0.634402 
0.000000 0.000000 
-3.525505 1.211152 0.015572 
0.000000 -0.773004 -0.634402 
0.000000 0.000000 
-2.864393 1.211152 0.015572 
0.000000 -0.773004 -0.634402 
0.000000 0.000000 
-1.456694 1.176372 0.056086 
-1.000000 0.000000 0.000000 
0.000000 0.000000 
-1.456694 1.179983 0.067990 
-1.000000 0.000000 0.000000 
0.000000 0.000000 
-1.456694 1.185848 0.078962 
-1.000000 0.000000 0.000000 
0.000000 0.000000 
-1.456694 1.193740 0.088579 
-1.000000 0.000000 0.000000 
0.000000 0.000000 
-1.456694 1.203356 0.096471 
-1.000000 0.000000 0.000000 
0.000000 0.000000 
-1.456694 1.214328 0.102335 
-1.000000 0.000000 0.000000 
0.000000 0.000000 
-1.456694 1.226233 0.105947 
-1.000000 0.000000 0.000000 
0.000000 0.000000 
-1.456694 1.238614 0.107166 
-1.000000 0.000000 0.000000 
0.000000 0.000000 
-1.456694 1.250994 0.105947 
-1.000000 0.000000 0.000000 
0.000000 0.000000 
-1.456694 1.262899 0.102335 
-1.000000 0.000000 0.000000 
0.000000 0.000000 
-1.456694 1.273871 0.096471 
-1.000000 0.000000 0.000000 
0.000000 0.000000 
-1.456694 1.283487 0.088579 
-1.000000 0.000000 0.000000 
0.000000 0.000000 
-1.456694 1.291380 0.078962 
-1.000000 0.000000 0.000000 
0.000000 0.000000 
-1.456694 1.297244 0.067990 
-1.000000 0.000000 0.000000 
0.000000 0.000000 
-1.456694 1.300855 0.056086 
-1.000000 0.000000 0.000000 
0.000000 0.000000 
-2.864393 1.211152 0.071838 
0.000000 -0.773004 0.634402 
0.000000 0.000000 
-3.525505 1.211151 0.071838 
0.000000 -0.773019 0.634383 
0.000000 0.000000 
-3.525505 1.206204 0.065809 
0.000000 -0.773018 0.634383 
0.000000 0.000000 
-2.864393 1.206204 0.065809 
0.000000 -0.773004 0.634402 
0.000000 0.000000 
-1.456694 1.211152 0.071838 
0.000000 -0.773004 0.634402 
0.000000 0.000000 
-2.864393 1.211152 0.071838 
0.000000 -0.773004 0.634402 
0.000000 0.000000 
-2.864393 1.206204 0.065809 
0.000000 -0.773004 0.634402 
0.000000 0.000000 
-1.456694 1.206204 0.065809 
0.000000 -0.773004 0.634402 
0.000000 0.000000 
-1.456694 1.206204 0.021601 
0.000000 -0.773004 -0.634402 
0.000000 0.000000 
-1.456694 1.211152 0.015572 
0.000000 -0.773004 -0.634402 
0.000000 0.000000 
-1.456694 1.202527 0.058930 
0.000000 -0.956942 0.290279 
0.000000 0.000000 
-2.864393 1.202527 0.058930 
0.000000 -0.956942 0.290279 
0.000000 0.000000 
-2.864393 1.200263 0.051467 
0.000000 -0.956942 0.290279 
0.000000 0.000000 
-1.456694 1.200263 0.051467 
0.000000 -0.956942 0.290279 
0.000000 0.000000 
-1.456694 1.254510 0.080463 
0.000000 0.290274 0.956944 
0.000000 0.000000 
-1.456694 1.247046 0.082727 
0.000000 0.290274 0.956944 
0.000000 0.000000 
-1.456694 1.247046 0.004683 
0.000000 0.290274 -0.956943 
0.000000 0.000000 
-1.456694 1.254510 0.006947 
0.000000 0.290274 -0.956943 
0.000000 0.000000 
-1.456694 1.217181 0.010624 
0.000000 -0.471407 -0.881916 
0.000000 0.000000 
-2.864393 1.217181 0.010624 
0.000000 -0.471407 -0.881916 
0.000000 0.000000 
-2.864393 1.224059 0.006947 
0.000000 -0.471407 -0.881916 
0.000000 0.000000 
-1.456694 1.224059 0.006947 
0.000000 -0.471407 -0.881916 
0.000000 0.000000 
-1.456694 1.231523 0.082727 
0.000000 -0.290282 0.956941 
0.000000 0.000000 
-1.456694 1.224059 0.080463 
0.000000 -0.290282 0.956941 
0.000000 0.000000 
-1.456694 1.278306 0.051467 
0.000000 0.956946 0.290267 
0.000000 0.000000 
-2.864393 1.278306 0.051467 
0.000000 0.956946 0.290267 
0.000000 0.000000 
-2.864393 1.276042 0.058930 
0.000000 0.956946 0.290267 
0.000000 0.000000 
-1.456694 1.276042 0.058930 
0.000000 0.956946 0.290267 
0.000000 0.000000 
-1.456694 1.200263 0.051467 
0.000000 -0.995186 0.098003 
0.000000 0.000000 
-2.864393 1.200263 0.051467 
0.000000 -0.995186 0.098003 
0.000000 0.000000 
-2.864393 1.199498 0.043705 
0.000000 -0.995186 0.098003 
0.000000 0.000000 
-1.456694 1.199498 0.043705 
0.000000 -0.995186 0.098003 
0.000000 0.000000 
-1.456694 1.272366 0.021601 
0.000000 0.881915 -0.471408 
0.000000 0.000000 
-2.864393 1.272366 0.021601 
0.000000 0.881915 -0.471408 
0.000000 0.000000 
-2.864393 1.276042 0.028479 
0.000000 0.881915 -0.471408 
0.000000 0.000000 
-1.456694 1.276042 0.028479 
0.000000 0.881915 -0.471408 
0.000000 0.000000 
-1.456694 1.239285 0.003919 
0.000000 0.098024 -0.995184 
0.000000 0.000000 
-2.864393 1.239285 0.003919 
0.000000 0.098024 -0.995184 
0.000000 0.000000 
-2.864393 1.247046 0.004683 
0.000000 0.098024 -0.995184 
0.000000 0.000000 
-1.456694 1.247046 0.004683 
0.000000 0.098024 -0.995184 
0.000000 0.000000 
-1.456694 1.206204 0.065809 
0.000000 -0.881915 0.471408 
0.000000 0.000000 
-2.864393 1.206204 0.065809 
0.000000 -0.881915 0.471408 
0.000000 0.000000 
-2.864393 1.202527 0.058930 
0.000000 -0.881915 0.471408 
0.000000 0.000000 
-1.456694 1.202527 0.058930 
0.000000 -0.881915 0.471408 
0.000000 0.000000 
-1.456694 1.217180 0.076786 
0.000000 -0.634404 0.773002 
0.000000 0.000000 
-2.864393 1.217180 0.076786 
0.000000 -0.634404 0.773002 
0.000000 0.000000 
-2.864393 1.211152 0.071838 
0.000000 -0.634404 0.773002 
0.000000 0.000000 
-1.456694 1.211152 0.071838 
0.000000 -0.634404 0.773002 
0.000000 0.000000 
-1.456694 1.261389 0.076786 
0.000000 0.471402 0.881919 
0.000000 0.000000 
-2.864393 1.261389 0.076786 
0.000000 0.471402 0.881919 
0.000000 0.000000 
-2.864393 1.254510 0.080463 
0.000000 0.471402 0.881919 
0.000000 0.000000 
-1.456694 1.254510 0.080463 
0.000000 0.471402 0.881919 
0.000000 0.000000 
-1.456694 1.200263 0.035943 
0.000000 -0.956934 -0.290307 
0.000000 0.000000 
-2.864393 1.200263 0.035943 
0.000000 -0.956942 -0.290279 
0.000000 0.000000 
-2.864393 1.202527 0.028479 
0.000000 -0.956942 -0.290279 
0.000000 0.000000 
-1.456694 1.202527 0.028479 
0.000000 -0.956934 -0.290307 
0.000000 0.000000 
-1.456694 1.211152 0.015572 
0.000000 -0.634389 -0.773014 
0.000000 0.000000 
-2.864393 1.211152 0.015572 
0.000000 -0.634390 -0.773014 
0.000000 0.000000 
-2.864393 1.217181 0.010624 
0.000000 -0.634389 -0.773014 
0.000000 0.000000 
-1.456694 1.217181 0.010624 
0.000000 -0.634390 -0.773014 
0.000000 0.000000 
-1.456694 1.267418 0.071838 
-0.000000 0.634389 0.773014 
0.000000 0.000000 
-1.456694 1.261389 0.076786 
0.000000 0.634389 0.773014 
0.000000 0.000000 
-1.456694 1.254510 0.006947 
0.000000 0.471401 -0.881919 
0.000000 0.000000 
-1.456694 1.261389 0.010624 
0.000000 0.471401 -0.881919 
0.000000 0.000000 
-1.456694 1.224059 0.080463 
0.000000 -0.471395 0.881922 
0.000000 0.000000 
-1.456694 1.217180 0.076786 
0.000000 -0.471395 0.881922 
0.000000 0.000000 
-1.456694 1.261389 0.010624 
-0.000000 0.634390 -0.773014 
0.000000 0.000000 
-2.864393 1.261389 0.010624 
0.000000 0.634404 -0.773001 
0.000000 0.000000 
-2.864393 1.267418 0.015572 
-0.000000 0.634404 -0.773001 
0.000000 0.000000 
-1.456694 1.267418 0.015572 
-0.000000 0.634389 -0.773014 
0.000000 0.000000 
-1.456694 1.224059 0.006947 
0.000000 -0.290274 -0.956943 
0.000000 0.000000 
-1.456694 1.231523 0.004683 
0.000000 -0.290274 -0.956943 
0.000000 0.000000 
-1.456694 1.247046 0.082727 
-0.000000 0.098023 0.995184 
0.000000 0.000000 
-2.864393 1.247046 0.082727 
0.000000 0.098020 0.995184 
0.000000 0.000000 
-2.864393 1.239284 0.083491 
-0.000000 0.098020 0.995184 
0.000000 0.000000 
-1.456694 1.239285 0.083491 
-0.000000 0.098023 0.995184 
0.000000 0.000000 
-1.456694 1.202527 0.028479 
0.000000 -0.881928 -0.471385 
0.000000 0.000000 
-2.864393 1.202527 0.028479 
0.000000 -0.881915 -0.471408 
0.000000 0.000000 
-2.864393 1.206204 0.021601 
0.000000 -0.881915 -0.471408 
0.000000 0.000000 
-1.456694 1.206204 0.021601 
0.000000 -0.881928 -0.471385 
0.000000 0.000000 
-1.456694 1.239285 0.083491 
0.000000 -0.098022 0.995184 
0.000000 0.000000 
-2.864393 1.239284 0.083491 
0.000000 -0.098025 0.995184 
0.000000 0.000000 
-2.864393 1.231523 0.082727 
0.000000 -0.098025 0.995184 
0.000000 0.000000 
-1.456694 1.231523 0.082727 
0.000000 -0.098022 0.995184 
0.000000 0.000000 
-1.456694 1.231523 0.004683 
0.000000 -0.098022 -0.995184 
0.000000 0.000000 
-2.864393 1.231523 0.004683 
0.000000 -0.098022 -0.995184 
0.000000 0.000000 
-2.864393 1.239285 0.003919 
0.000000 -0.098022 -0.995184 
0.000000 0.000000 
-1.456694 1.239285 0.003919 
0.000000 -0.098022 -0.995184 
0.000000 0.000000 
-1.456694 1.267418 0.015572 
-0.000000 0.773019 -0.634383 
0.000000 0.000000 
-2.864393 1.267418 0.015572 
-0.000000 0.773004 -0.634402 
0.000000 0.000000 
-2.864393 1.272366 0.021601 
-0.000000 0.773004 -0.634402 
0.000000 0.000000 
-1.456694 1.272366 0.021601 
0.000000 0.773019 -0.634383 
0.000000 0.000000 
-1.456694 1.278306 0.035943 
0.000000 0.995185 -0.098018 
0.000000 0.000000 
-2.864393 1.278306 0.035943 
0.000000 0.995185 -0.098018 
0.000000 0.000000 
-2.864393 1.279071 0.043705 
0.000000 0.995185 -0.098018 
0.000000 0.000000 
-1.456694 1.279071 0.043705 
0.000000 0.995185 -0.098018 
0.000000 0.000000 
-1.456694 1.276042 0.028479 
0.000000 0.956946 -0.290267 
0.000000 0.000000 
-2.864393 1.276042 0.028479 
0.000000 0.956946 -0.290267 
0.000000 0.000000 
-2.864393 1.278306 0.035943 
0.000000 0.956946 -0.290267 
0.000000 0.000000 
-1.456694 1.278306 0.035943 
0.000000 0.956946 -0.290267 
0.000000 0.000000 
-1.456694 1.199498 0.043705 
0.000000 -0.995186 -0.098004 
0.000000 0.000000 
-2.864393 1.199498 0.043705 
0.000000 -0.995186 -0.098004 
0.000000 0.000000 
-2.864393 1.200263 0.035943 
0.000000 -0.995186 -0.098004 
0.000000 0.000000 
-1.456694 1.200263 0.035943 
0.000000 -0.995186 -0.098004 
0.000000 0.000000 
-1.456694 1.276042 0.058930 
0.000000 0.881915 0.471408 
0.000000 0.000000 
-2.864393 1.276042 0.058930 
0.000000 0.881915 0.471408 
0.000000 0.000000 
-2.864393 1.272366 0.065809 
0.000000 0.881915 0.471408 
0.000000 0.000000 
-1.456694 1.272366 0.065809 
0.000000 0.881915 0.471408 
0.000000 0.000000 
-1.456694 1.272366 0.065809 
-0.000000 0.773019 0.634383 
0.000000 0.000000 
-2.864393 1.272366 0.065809 
0.000000 0.773004 0.634402 
0.000000 0.000000 
-2.864393 1.267418 0.071838 
-0.000000 0.773004 0.634402 
0.000000 0.000000 
-1.456694 1.267418 0.071838 
-0.000000 0.773019 0.634383 
0.000000 0.000000 
-1.456694 1.279071 0.043705 
0.000000 0.995185 0.098018 
0.000000 0.000000 
-2.864393 1.279071 0.043705 
0.000000 0.995185 0.098018 
0.000000 0.000000 
-2.864393 1.278306 0.051467 
0.000000 0.995185 0.098018 
0.000000 0.000000 
-1.456694 1.278306 0.051467 
0.000000 0.995185 0.098018 
0.000000 0.000000 
-0.925916 1.263762 -0.232589 
-0.332879 0.488963 -0.806292 
0.000000 0.000000 
-1.456906 1.249290 -0.018537 
-0.366309 0.270114 -0.890425 
0.000000 0.000000 
-0.925916 1.289968 -0.216558 
-0.280039 0.700384 -0.656537 
0.000000 0.000000 
-1.456906 1.261194 -0.014925 
-0.339083 0.443471 -0.829673 
0.000000 0.000000 
-0.925916 1.314121 -0.190526 
-0.231547 0.829916 -0.507568 
0.000000 0.000000 
-1.456906 1.272166 -0.009061 
-0.299840 0.605195 -0.737452 
0.000000 0.000000 
-0.925916 1.335290 -0.155492 
-0.193437 0.906959 -0.374177 
0.000000 0.000000 
-1.456906 1.281783 -0.001169 
-0.253690 0.747720 -0.613641 
0.000000 0.000000 
-0.925916 1.352664 -0.112803 
-0.166229 0.952234 -0.256162 
0.000000 0.000000 
-1.456906 1.289675 0.008448 
-0.207631 0.862711 -0.461106 
0.000000 0.000000 
-0.925916 1.365573 -0.064100 
-0.149111 0.977479 -0.149334 
0.000000 0.000000 
-1.456906 1.295539 0.019420 
-0.169390 0.943108 -0.286101 
0.000000 0.000000 
-0.925916 1.373523 -0.011253 
-0.141294 0.988752 -0.049039 
0.000000 0.000000 
-1.456906 1.299151 0.031324 
-0.145678 0.984568 -0.096972 
0.000000 0.000000 
-0.925916 1.376207 0.043705 
-0.142323 0.988606 0.049006 
0.000000 0.000000 
-1.456906 1.300370 0.043705 
-0.140720 0.985282 0.097042 
0.000000 0.000000 
-0.925916 1.373523 0.098663 
-0.152106 0.977062 0.149042 
0.000000 0.000000 
-1.456906 1.299151 0.056086 
-0.155399 0.945312 0.286769 
0.000000 0.000000 
-0.925916 1.365573 0.151510 
-0.170915 0.951606 0.255410 
0.000000 0.000000 
-1.456906 1.295539 0.067990 
-0.187100 0.866357 0.463054 
0.000000 0.000000 
-0.925916 1.352664 0.200213 
-0.199361 0.906211 0.372877 
0.000000 0.000000 
-1.456906 1.289675 0.078962 
-0.230207 0.752247 0.617356 
0.000000 0.000000 
-0.925916 1.335290 0.242902 
-0.238049 0.829169 0.505778 
0.000000 0.000000 
-1.456906 1.281783 0.088579 
-0.277274 0.609513 0.742707 
0.000000 0.000000 
-0.925916 1.314121 0.277936 
-0.286202 0.699781 0.654519 
0.000000 0.000000 
-1.456906 1.272166 0.096471 
-0.320748 0.446491 0.835324 
0.000000 0.000000 
-0.925916 1.289968 0.303969 
-0.337483 0.488635 0.804575 
0.000000 0.000000 
-1.456906 1.261194 0.102335 
-0.354490 0.271436 0.894796 
0.000000 0.000000 
-0.925916 1.263762 0.319999 
-0.373814 0.179491 0.909970 
0.000000 0.000000 
-1.456906 1.249290 0.105947 
-0.374466 0.090886 0.922776 
0.000000 0.000000 
-0.925916 1.236508 0.325412 
-0.372306 -0.179517 0.910583 
0.000000 0.000000 
-1.456906 1.236909 0.107166 
-0.378649 -0.090719 0.921083 
0.000000 0.000000 
-0.925916 1.209254 0.319999 
-0.333536 -0.488844 0.806092 
0.000000 0.000000 
-1.456906 1.224528 0.105947 
-0.366663 -0.270071 0.890292 
0.000000 0.000000 
-0.925916 1.183047 0.303968 
-0.281014 -0.700179 0.656339 
0.000000 0.000000 
-1.456906 1.212624 0.102335 
-0.339677 -0.443362 0.829487 
0.000000 0.000000 
-0.925916 1.158895 0.277936 
-0.232733 -0.829677 0.507417 
0.000000 0.000000 
-1.456906 1.201652 0.096471 
-0.300670 -0.605041 0.737240 
0.000000 0.000000 
-0.925916 1.137725 0.242902 
-0.194755 -0.906720 0.374070 
0.000000 0.000000 
-1.456906 1.192035 0.088579 
-0.254748 -0.747508 0.613462 
0.000000 0.000000 
-0.925916 1.120352 0.200213 
-0.167629 -0.952004 0.256103 
0.000000 0.000000 
-1.456906 1.184143 0.078962 
-0.208883 -0.862465 0.461002 
0.000000 0.000000 
-0.925916 1.107442 0.151509 
-0.150554 -0.977265 0.149286 
0.000000 0.000000 
-1.456906 1.178279 0.067990 
-0.170772 -0.942886 0.286013 
0.000000 0.000000 
-0.925916 1.099493 0.098663 
-0.142758 -0.988542 0.049033 
0.000000 0.000000 
-1.456906 1.174667 0.056086 
-0.147134 -0.984354 0.096951 
0.000000 0.000000 
-0.925916 1.096808 0.043705 
-0.143786 -0.988395 -0.048999 
0.000000 0.000000 
-1.456906 1.173448 0.043705 
-0.142179 -0.985074 -0.097022 
0.000000 0.000000 
-0.925916 1.099493 -0.011254 
-0.153547 -0.976844 -0.148993 
0.000000 0.000000 
-1.456906 1.174667 0.031324 
-0.156792 -0.945101 -0.286705 
0.000000 0.000000 
-0.925916 1.107442 -0.064100 
-0.172313 -0.951369 -0.255352 
0.000000 0.000000 
-1.456906 1.178279 0.019419 
-0.188365 -0.866140 -0.462948 
0.000000 0.000000 
-0.925916 1.120352 -0.112803 
-0.200675 -0.905964 -0.372771 
0.000000 0.000000 
-1.456906 1.184143 0.008448 
-0.231284 -0.752055 -0.617189 
0.000000 0.000000 
-0.925916 1.137725 -0.155492 
-0.239233 -0.828915 -0.505635 
0.000000 0.000000 
-1.456906 1.192035 -0.001169 
-0.278126 -0.609353 -0.742519 
0.000000 0.000000 
-0.925916 1.158895 -0.190526 
-0.287174 -0.699564 -0.654325 
0.000000 0.000000 
-1.456906 1.201652 -0.009061 
-0.321354 -0.446394 -0.835143 
0.000000 0.000000 
-0.925916 1.289968 -0.216558 
1.000000 0.000000 0.000000 
0.000000 0.000000 
-0.925916 1.314121 -0.190526 
1.000000 0.000000 0.000000 
0.000000 0.000000 
-0.925916 1.335290 -0.155492 
1.000000 0.000000 0.000000 
0.000000 0.000000 
-0.925916 1.352664 -0.112803 
1.000000 0.000000 0.000000 
0.000000 0.000000 
-0.925916 1.365573 -0.064100 
1.000000 0.000000 0.000000 
0.000000 0.000000 
-0.925916 1.373523 -0.011253 
1.000000 0.000000 0.000000 
0.000000 0.000000 
-0.925916 1.376207 0.043705 
1.000000 0.000000 0.000000 
0.000000 0.000000 
-0.925916 1.096808 0.043705 
1.000000 0.000000 0.000000 
0.000000 0.000000 
-0.925916 1.099493 -0.011254 
1.000000 0.000000 0.000000 
0.000000 0.000000 
-0.925916 1.107442 -0.064100 
1.000000 0.000000 0.000000 
0.000000 0.000000 
-0.925916 1.120352 -0.112803 
1.000000 0.000000 0.000000 
0.000000 0.000000 
-0.925916 1.137725 -0.155492 
1.000000 0.000000 0.000000 
0.000000 0.000000 
-0.925916 1.158895 -0.190526 
1.000000 0.000000 0.000000 
0.000000 0.000000 
-0.925916 1.183047 -0.216559 
1.000000 0.000000 0.000000 
0.000000 0.000000 
-0.925916 1.236508 -0.238002 
1.000000 0.000000 0.000000 
0.000000 0.000000 
-0.925916 1.263762 -0.232589 
1.000000 0.000000 0.000000 
0.000000 0.000000 
-0.925916 1.209254 -0.232589 
-0.337798 -0.491148 -0.802911 
0.000000 0.000000 
-0.925916 1.183047 -0.216559 
-0.338137 -0.488517 -0.804372 
0.000000 0.000000 
-1.456906 1.212624 -0.014925 
-0.354849 -0.271393 -0.894666 
0.000000 0.000000 
-1.456906 1.236909 -0.019756 
-0.374612 -0.093596 -0.922445 
0.000000 0.000000 
-0.925916 1.236508 -0.238002 
-0.374019 -0.180663 -0.909654 
0.000000 0.000000 
-0.925916 1.209254 -0.232589 
-0.374047 -0.179466 -0.909879 
0.000000 0.000000 
-1.456906 1.224528 -0.018537 
-0.374584 -0.090881 -0.922728 
0.000000 0.000000 
-1.456906 1.224528 -0.018537 
-1.000000 0.000000 0.000000 
0.000000 0.000000 
-1.456906 1.212624 -0.014925 
-1.000000 0.000000 0.000000 
0.000000 0.000000 
-1.456906 1.201652 -0.009061 
-1.000000 0.000000 0.000000 
0.000000 0.000000 
-1.456906 1.192035 -0.001169 
-1.000000 0.000000 0.000000 
0.000000 0.000000 
-1.456906 1.184143 0.008448 
-1.000000 0.000000 0.000000 
0.000000 0.000000 
-1.456906 1.178279 0.019419 
-1.000000 0.000000 0.000000 
0.000000 0.000000 
-1.456906 1.174667 0.031324 
-1.000000 0.000000 0.000000 
0.000000 0.000000 
-1.456906 1.173448 0.043705 
-1.000000 0.000000 0.000000 
0.000000 0.000000 
-1.456906 1.300370 0.043705 
-1.000000 0.000000 0.000000 
0.000000 0.000000 
-1.456906 1.299151 0.031324 
-1.000000 0.000000 0.000000 
0.000000 0.000000 
-1.456906 1.295539 0.019420 
-1.000000 0.000000 0.000000 
0.000000 0.000000 
-1.456906 1.289675 0.008448 
-1.000000 0.000000 0.000000 
0.000000 0.000000 
-1.456906 1.281783 -0.001169 
-1.000000 0.000000 0.000000 
0.000000 0.000000 
-1.456906 1.272166 -0.009061 
-1.000000 0.000000 0.000000 
0.000000 0.000000 
-1.456906 1.261194 -0.014925 
-1.000000 0.000000 0.000000 
0.000000 0.000000 
-1.456906 1.249290 -0.018537 
-1.000000 0.000000 0.000000 
0.000000 0.000000 
-1.456906 1.236909 -0.019756 
-1.000000 0.000000 0.000000 
0.000000 0.000000 
-0.925916 1.325568 0.043705 
0.133273 -0.989899 -0.048352 
0.000000 0.000000 
-0.925916 1.310807 0.141826 
0.156511 -0.953833 -0.256332 
0.000000 0.000000 
-1.283939 1.270661 0.065809 
0.195158 -0.864957 -0.462344 
0.000000 0.000000 
-0.925916 1.150401 0.043705 
0.131074 0.990192 0.048366 
0.000000 0.000000 
-0.925916 1.152084 0.009249 
0.131136 0.990149 0.049064 
0.000000 0.000000 
-0.925916 1.318901 -0.023882 
0.143346 -0.978662 0.147215 
0.000000 0.000000 
-0.925916 1.323885 0.009249 
0.143406 -0.978369 0.149091 
0.000000 0.000000 
-1.283939 1.276602 0.035943 
0.132896 -0.986633 0.094303 
0.000000 0.000000 
-0.925916 1.323885 0.009249 
0.134320 -0.989758 0.048345 
0.000000 0.000000 
-0.925916 1.325568 0.043705 
0.134301 -0.989727 0.049020 
0.000000 0.000000 
-1.283939 1.277366 0.043705 
0.132798 -0.986370 0.097150 
0.000000 0.000000 
-0.925916 1.299915 -0.081179 
0.186993 -0.909895 0.370304 
0.000000 0.000000 
-0.925916 1.310807 -0.054416 
0.187450 -0.908470 0.373558 
0.000000 0.000000 
-0.925916 1.220898 -0.129515 
0.349071 0.182552 0.919143 
0.000000 0.000000 
-0.925916 1.237985 -0.132908 
0.349176 0.181331 0.919345 
0.000000 0.000000 
-0.925916 1.157068 -0.023882 
0.153754 0.955122 0.253183 
0.000000 0.000000 
-0.925916 1.165162 -0.054416 
0.154407 0.954152 0.256421 
0.000000 0.000000 
-0.925916 1.237985 0.220318 
0.349537 -0.181303 -0.919213 
0.000000 0.000000 
-1.283939 1.237580 0.083491 
0.355581 -0.091607 -0.930145 
0.000000 0.000000 
-0.925916 1.204468 -0.119465 
0.311037 0.495928 0.810748 
0.000000 0.000000 
-0.925916 1.220898 -0.129515 
0.311637 0.492913 0.812354 
0.000000 0.000000 
-1.283939 1.229818 0.004683 
0.343639 0.272601 0.898666 
0.000000 0.000000 
-0.925916 1.286644 -0.103144 
0.223024 -0.834329 0.504139 
0.000000 0.000000 
-0.925916 1.299915 -0.081179 
0.223613 -0.832215 0.507362 
0.000000 0.000000 
-1.283939 1.265713 0.015572 
0.260215 -0.612550 0.746372 
0.000000 0.000000 
-0.925916 1.373523 0.098663 
1.000000 0.000000 0.000000 
0.000000 0.000000 
-0.925916 1.365573 0.151510 
1.000000 0.000000 0.000000 
0.000000 0.000000 
-0.925916 1.352664 0.200213 
1.000000 0.000000 0.000000 
0.000000 0.000000 
-0.925916 1.335290 0.242902 
1.000000 0.000000 0.000000 
0.000000 0.000000 
-0.925916 1.314121 0.277936 
1.000000 0.000000 0.000000 
0.000000 0.000000 
-0.925916 1.289968 0.303969 
1.000000 0.000000 0.000000 
0.000000 0.000000 
-0.925916 1.263762 0.319999 
1.000000 0.000000 0.000000 
0.000000 0.000000 
-0.925916 1.236508 0.325412 
1.000000 0.000000 0.000000 
0.000000 0.000000 
-0.925916 1.209254 0.319999 
1.000000 0.000000 0.000000 
0.000000 0.000000 
-0.925916 1.183047 0.303968 
1.000000 0.000000 0.000000 
0.000000 0.000000 
-0.925916 1.158895 0.277936 
1.000000 0.000000 0.000000 
0.000000 0.000000 
-0.925916 1.137725 0.242902 
1.000000 0.000000 0.000000 
0.000000 0.000000 
-0.925916 1.120352 0.200213 
1.000000 0.000000 0.000000 
0.000000 0.000000 
-0.925916 1.107442 0.151509 
1.000000 0.000000 0.000000 
0.000000 0.000000 
-0.925916 1.099493 0.098663 
1.000000 0.000000 0.000000 
0.000000 0.000000 
-0.925916 1.189326 0.190554 
-1.000000 0.000000 0.000000 
0.000000 0.000000 
-0.925916 1.204468 0.206875 
-1.000000 0.000000 0.000000 
0.000000 0.000000 
-0.925916 1.220898 0.216925 
-1.000000 0.000000 0.000000 
0.000000 0.000000 
-0.925916 1.237985 0.220318 
-1.000000 0.000000 0.000000 
0.000000 0.000000 
-0.925916 1.255071 0.216925 
-1.000000 0.000000 0.000000 
0.000000 0.000000 
-0.925916 1.299915 0.168590 
1.000000 0.000000 0.000000 
0.000000 0.000000 
-0.925916 1.310807 0.141826 
1.000000 0.000000 0.000000 
0.000000 0.000000 
-0.925916 1.318901 0.111292 
1.000000 0.000000 0.000000 
0.000000 0.000000 
-0.925916 1.323885 0.078161 
1.000000 0.000000 0.000000 
0.000000 0.000000 
-0.925916 1.271501 -0.119464 
0.268224 -0.706219 0.655218 
0.000000 0.000000 
-0.925916 1.286644 -0.103144 
0.268773 -0.703597 0.657809 
0.000000 0.000000 
-1.283939 1.259684 0.010624 
0.301089 -0.449520 0.840998 
0.000000 0.000000 
-1.283939 1.265713 0.071838 
0.279260 -0.620499 -0.732799 
0.000000 0.000000 
-0.925916 1.299915 0.168590 
0.216281 -0.835620 -0.504937 
0.000000 0.000000 
-0.925916 1.286643 0.190554 
0.217452 -0.832875 -0.508954 
0.000000 0.000000 
-0.925916 1.176054 -0.081180 
0.214477 0.835967 0.505133 
0.000000 0.000000 
-0.925916 1.189326 -0.103144 
0.215656 0.833218 0.509156 
0.000000 0.000000 
-1.283939 1.198558 0.035943 
0.156355 0.947622 0.278505 
0.000000 0.000000 
-0.925916 1.152084 0.009249 
0.138117 0.979397 0.147325 
0.000000 0.000000 
-0.925916 1.157068 -0.023882 
0.138421 0.979041 0.149394 
0.000000 0.000000 
-1.283939 1.200822 0.028479 
0.157413 0.945016 0.286646 
0.000000 0.000000 
-1.283939 1.259684 0.076786 
0.316933 -0.457765 -0.830665 
0.000000 0.000000 
-0.925916 1.286643 0.190554 
0.261856 -0.707513 -0.656397 
0.000000 0.000000 
-0.925916 1.271501 0.206875 
0.262904 -0.704150 -0.659586 
0.000000 0.000000 
-1.283939 1.215476 0.076786 
0.257975 0.622783 -0.738640 
0.000000 0.000000 
-0.925916 1.189326 0.190554 
0.221234 0.834668 -0.504366 
0.000000 0.000000 
-0.925916 1.176054 0.168590 
0.221828 0.832554 -0.507589 
0.000000 0.000000 
-0.925916 1.165162 0.141826 
0.158576 0.954385 -0.252987 
0.000000 0.000000 
-0.925916 1.157068 0.111292 
0.158825 0.953604 -0.255761 
0.000000 0.000000 
-1.283939 1.237580 0.003919 
0.351715 -0.094340 0.931341 
0.000000 0.000000 
-0.925916 1.237985 -0.132908 
0.351183 -0.182394 0.918370 
0.000000 0.000000 
-0.925916 1.255071 -0.129515 
0.351207 -0.181259 0.918585 
0.000000 0.000000 
-1.283939 1.270661 0.021601 
0.175382 -0.873561 0.454018 
0.000000 0.000000 
-0.925916 1.310807 -0.054416 
0.160679 -0.954056 0.252901 
0.000000 0.000000 
-0.925916 1.318901 -0.023882 
0.160925 -0.953276 0.255673 
0.000000 0.000000 
-1.283939 1.274338 0.028479 
0.175930 -0.868160 0.464056 
0.000000 0.000000 
-0.925916 1.152084 0.078160 
0.132121 0.990053 -0.048359 
0.000000 0.000000 
-0.925916 1.150401 0.043705 
0.132103 0.990022 -0.049034 
0.000000 0.000000 
-1.283939 1.197794 0.043705 
0.130607 0.986660 -0.097178 
0.000000 0.000000 
-1.283939 1.276602 0.051467 
0.158446 -0.947297 -0.278431 
0.000000 0.000000 
-0.925916 1.323885 0.078161 
0.140288 -0.979095 -0.147280 
0.000000 0.000000 
-0.925916 1.318901 0.111292 
0.140591 -0.978739 -0.149347 
0.000000 0.000000 
-1.283939 1.274338 0.058930 
0.159497 -0.944691 -0.286565 
0.000000 0.000000 
-1.283939 1.229818 0.082727 
0.332130 0.280731 -0.900489 
0.000000 0.000000 
-0.925916 1.220898 0.216925 
0.315733 0.495122 -0.809424 
0.000000 0.000000 
-0.925916 1.204468 0.206875 
0.316041 0.492628 -0.810824 
0.000000 0.000000 
-1.283939 1.222355 0.080463 
0.332351 0.273785 -0.902544 
0.000000 0.000000 
-1.283939 1.215476 0.010624 
0.315999 0.457932 0.830929 
0.000000 0.000000 
-0.925916 1.189326 -0.103144 
0.260369 0.707798 0.656681 
0.000000 0.000000 
-0.925916 1.204468 -0.119465 
0.261425 0.704433 0.659872 
0.000000 0.000000 
-1.283939 1.222355 0.006947 
0.317599 0.446994 0.836258 
0.000000 0.000000 
-1.283939 1.245342 0.004683 
0.332694 -0.280674 0.900298 
0.000000 0.000000 
-0.925916 1.255071 -0.129515 
0.316739 -0.494951 0.809135 
0.000000 0.000000 
-0.925916 1.271501 -0.119464 
0.317043 -0.492456 0.810537 
0.000000 0.000000 
-1.283939 1.252806 0.006947 
0.332901 -0.273722 0.902360 
0.000000 0.000000 
-1.283939 1.252806 0.080463 
0.343450 -0.280111 -0.896426 
0.000000 0.000000 
-0.925916 1.271501 0.206875 
0.312048 -0.495763 -0.810460 
0.000000 0.000000 
-0.925916 1.255071 0.216925 
0.312641 -0.492751 -0.812066 
0.000000 0.000000 
-1.283939 1.245342 0.082727 
0.344183 -0.272543 -0.898476 
0.000000 0.000000 
-1.283939 1.200822 0.058930 
0.144236 0.949195 -0.279685 
0.000000 0.000000 
-0.925916 1.157068 0.111292 
0.141177 0.978971 -0.147261 
0.000000 0.000000 
-0.925916 1.152084 0.078160 
0.141238 0.978678 -0.149137 
0.000000 0.000000 
-1.283939 1.198558 0.051467 
0.144333 0.946926 -0.287225 
0.000000 0.000000 
-1.283939 1.204499 0.021601 
0.234150 0.760999 0.605024 
0.000000 0.000000 
-0.925916 1.165162 -0.054416 
0.178872 0.911294 0.370874 
0.000000 0.000000 
-0.925916 1.176054 -0.081180 
0.179867 0.909472 0.374845 
0.000000 0.000000 
-1.283939 1.209447 0.015572 
0.236620 0.751059 0.616377 
0.000000 0.000000 
-1.456906 1.174667 0.056086 
-1.000000 0.000000 0.000000 
0.000000 0.000000 
-1.456906 1.178279 0.067990 
-1.000000 0.000000 0.000000 
0.000000 0.000000 
-1.456906 1.184143 0.078962 
-1.000000 0.000000 0.000000 
0.000000 0.000000 
-1.456906 1.192035 0.088579 
-1.000000 0.000000 0.000000 
0.000000 0.000000 
-1.456906 1.201652 0.096471 
-1.000000 0.000000 0.000000 
0.000000 0.000000 
-1.456906 1.212624 0.102335 
-1.000000 0.000000 0.000000 
0.000000 0.000000 
-1.456906 1.224528 0.105947 
-1.000000 0.000000 0.000000 
0.000000 0.000000 
-1.456906 1.236909 0.107166 
-1.000000 0.000000 0.000000 
0.000000 0.000000 
-1.456906 1.249290 0.105947 
-1.000000 0.000000 0.000000 
0.000000 0.000000 
-1.456906 1.261194 0.102335 
-1.000000 0.000000 0.000000 
0.000000 0.000000 
-1.456906 1.272166 0.096471 
-1.000000 0.000000 0.000000 
0.000000 0.000000 
-1.456906 1.281783 0.088579 
-1.000000 0.000000 0.000000 
0.000000 0.000000 
-1.456906 1.289675 0.078962 
-1.000000 0.000000 0.000000 
0.000000 0.000000 
-1.456906 1.295539 0.067990 
-1.000000 0.000000 0.000000 
0.000000 0.000000 
-1.456906 1.299151 0.056086 
-1.000000 0.000000 0.000000 
0.000000 0.000000 
-1.283939 1.209447 0.071838 
0.213593 0.763395 -0.609595 
0.000000 0.000000 
-0.925916 1.176054 0.168590 
0.185005 0.910249 -0.370432 
0.000000 0.000000 
-0.925916 1.165162 0.141826 
0.185465 0.908824 -0.373687 
0.000000 0.000000 
-1.283939 1.204499 0.065809 
0.214517 0.755016 -0.619624 
0.000000 0.000000 
-1.456906 1.209447 0.071838 
0.000000 0.773011 -0.634392 
0.000000 0.000000 
-1.283939 1.209447 0.071838 
0.000000 0.773011 -0.634392 
0.000000 0.000000 
-1.283939 1.204499 0.065809 
0.000000 0.773011 -0.634392 
0.000000 0.000000 
-1.456906 1.204499 0.065809 
0.000000 0.773011 -0.634392 
0.000000 0.000000 
-1.456906 1.204499 0.021601 
0.000000 0.773011 0.634392 
0.000000 0.000000 
-1.283939 1.204499 0.021601 
0.000000 0.773011 0.634392 
0.000000 0.000000 
-1.283939 1.209447 0.015572 
0.000000 0.773011 0.634392 
0.000000 0.000000 
-1.456906 1.209447 0.015572 
0.000000 0.773011 0.634392 
0.000000 0.000000 
-1.456906 1.200822 0.058930 
0.000000 0.956946 -0.290265 
0.000000 0.000000 
-1.283939 1.200822 0.058930 
0.000000 0.956946 -0.290265 
0.000000 0.000000 
-1.283939 1.198558 0.051467 
0.000000 0.956946 -0.290265 
0.000000 0.000000 
-1.456906 1.198558 0.051467 
0.000000 0.956946 -0.290265 
0.000000 0.000000 
-1.456906 1.252806 0.080463 
0.000000 -0.290278 -0.956942 
0.000000 0.000000 
-1.283939 1.252806 0.080463 
0.000000 -0.290278 -0.956942 
0.000000 0.000000 
-1.283939 1.245342 0.082727 
0.000000 -0.290278 -0.956942 
0.000000 0.000000 
-1.456906 1.245342 0.082727 
0.000000 -0.290278 -0.956942 
0.000000 0.000000 
-1.456906 1.245342 0.004683 
0.000000 -0.290279 0.956942 
0.000000 0.000000 
-1.283939 1.245342 0.004683 
0.000000 -0.290279 0.956942 
0.000000 0.000000 
-1.283939 1.252806 0.006947 
0.000000 -0.290279 0.956942 
0.000000 0.000000 
-1.456906 1.252806 0.006947 
0.000000 -0.290279 0.956942 
0.000000 0.000000 
-1.456906 1.215476 0.010624 
0.000000 0.471401 0.881919 
0.000000 0.000000 
-1.283939 1.215476 0.010624 
0.000000 0.471401 0.881919 
0.000000 0.000000 
-1.283939 1.222355 0.006947 
0.000000 0.471401 0.881919 
0.000000 0.000000 
-1.456906 1.222355 0.006947 
0.000000 0.471401 0.881919 
0.000000 0.000000 
-1.456906 1.229818 0.082727 
0.000000 0.290286 -0.956940 
0.000000 0.000000 
-1.283939 1.229818 0.082727 
0.000000 0.290286 -0.956940 
0.000000 0.000000 
-1.283939 1.222355 0.080463 
0.000000 0.290286 -0.956940 
0.000000 0.000000 
-1.456906 1.222355 0.080463 
0.000000 0.290286 -0.956940 
0.000000 0.000000 
-1.456906 1.276602 0.051467 
0.000000 -0.956941 -0.290281 
0.000000 0.000000 
-1.283939 1.276602 0.051467 
0.000000 -0.956941 -0.290281 
0.000000 0.000000 
-1.283939 1.274338 0.058930 
0.000000 -0.956941 -0.290281 
0.000000 0.000000 
-1.456906 1.274338 0.058930 
0.000000 -0.956941 -0.290281 
0.000000 0.000000 
-1.456906 1.198558 0.051467 
0.000000 0.995185 -0.098018 
0.000000 0.000000 
-1.283939 1.198558 0.051467 
0.000000 0.995185 -0.098018 
0.000000 0.000000 
-1.283939 1.197794 0.043705 
0.000000 0.995185 -0.098018 
0.000000 0.000000 
-1.456906 1.197794 0.043705 
0.000000 0.995185 -0.098018 
0.000000 0.000000 
-1.456906 1.270661 0.021601 
0.000000 -0.881915 0.471408 
0.000000 0.000000 
-1.283939 1.270661 0.021601 
0.000000 -0.881915 0.471408 
0.000000 0.000000 
-1.283939 1.274338 0.028479 
0.000000 -0.881915 0.471408 
0.000000 0.000000 
-1.456906 1.274338 0.028479 
0.000000 -0.881915 0.471408 
0.000000 0.000000 
-1.456906 1.237580 0.003919 
0.000000 -0.098024 0.995184 
0.000000 0.000000 
-1.283939 1.237580 0.003919 
0.000000 -0.098024 0.995184 
0.000000 0.000000 
-1.283939 1.245342 0.004683 
0.000000 -0.098024 0.995184 
0.000000 0.000000 
-1.456906 1.245342 0.004683 
0.000000 -0.098024 0.995184 
0.000000 0.000000 
-1.456906 1.204499 0.065809 
0.000000 0.881909 -0.471420 
0.000000 0.000000 
-1.283939 1.204499 0.065809 
0.000000 0.881909 -0.471420 
0.000000 0.000000 
-1.283939 1.200822 0.058930 
0.000000 0.881909 -0.471420 
0.000000 0.000000 
-1.456906 1.200822 0.058930 
0.000000 0.881909 -0.471420 
0.000000 0.000000 
-1.456906 1.215476 0.076786 
0.000000 0.634404 -0.773002 
0.000000 0.000000 
-1.283939 1.215476 0.076786 
0.000000 0.634404 -0.773002 
0.000000 0.000000 
-1.283939 1.209447 0.071838 
0.000000 0.634404 -0.773002 
0.000000 0.000000 
-1.456906 1.209447 0.071838 
0.000000 0.634404 -0.773002 
0.000000 0.000000 
-1.456906 1.259684 0.076786 
0.000000 -0.471395 -0.881922 
0.000000 0.000000 
-1.283939 1.259684 0.076786 
0.000000 -0.471395 -0.881922 
0.000000 0.000000 
-1.283939 1.252806 0.080463 
0.000000 -0.471395 -0.881922 
0.000000 0.000000 
-1.456906 1.252806 0.080463 
0.000000 -0.471395 -0.881922 
0.000000 0.000000 
-1.456906 1.198558 0.035943 
0.000002 0.956934 0.290306 
0.000000 0.000000 
-1.283939 1.198558 0.035943 
0.000000 0.956946 0.290265 
0.000000 0.000000 
-1.283939 1.200822 0.028479 
0.000000 0.956946 0.290266 
0.000000 0.000000 
-1.456906 1.200823 0.028479 
0.000002 0.956934 0.290307 
0.000000 0.000000 
-1.456906 1.209447 0.015572 
0.000000 0.634390 0.773014 
0.000000 0.000000 
-1.283939 1.209447 0.015572 
0.000000 0.634390 0.773014 
0.000000 0.000000 
-1.283939 1.215476 0.010624 
0.000000 0.634390 0.773014 
0.000000 0.000000 
-1.456906 1.215476 0.010624 
0.000000 0.634390 0.773014 
0.000000 0.000000 
-1.456906 1.265713 0.071838 
-0.000000 -0.634397 -0.773008 
0.000000 0.000000 
-1.283939 1.265713 0.071838 
-0.000000 -0.634404 -0.773002 
0.000000 0.000000 
-1.283939 1.259684 0.076786 
-0.000000 -0.634404 -0.773002 
0.000000 0.000000 
-1.456906 1.259684 0.076786 
0.000000 -0.634397 -0.773008 
0.000000 0.000000 
-1.456906 1.252806 0.006947 
0.000000 -0.471395 0.881922 
0.000000 0.000000 
-1.283939 1.252806 0.006947 
0.000000 -0.471395 0.881922 
0.000000 0.000000 
-1.283939 1.259684 0.010624 
0.000000 -0.471395 0.881922 
0.000000 0.000000 
-1.456906 1.259684 0.010624 
0.000000 -0.471395 0.881922 
0.000000 0.000000 
-1.456906 1.222355 0.080463 
0.000000 0.471389 -0.881926 
0.000000 0.000000 
-1.283939 1.222355 0.080463 
0.000000 0.471389 -0.881926 
0.000000 0.000000 
-1.283939 1.215476 0.076786 
0.000000 0.471389 -0.881926 
0.000000 0.000000 
-1.456906 1.215476 0.076786 
0.000000 0.471389 -0.881926 
0.000000 0.000000 
-1.456906 1.259684 0.010624 
-0.000000 -0.634397 0.773007 
0.000000 0.000000 
-1.283939 1.259684 0.010624 
0.000000 -0.634404 0.773001 
0.000000 0.000000 
-1.283939 1.265713 0.015572 
-0.000000 -0.634404 0.773001 
0.000000 0.000000 
-1.456906 1.265713 0.015572 
-0.000000 -0.634397 0.773007 
0.000000 0.000000 
-1.456906 1.222355 0.006947 
0.000000 0.290279 0.956942 
0.000000 0.000000 
-1.283939 1.222355 0.006947 
0.000000 0.290279 0.956942 
0.000000 0.000000 
-1.283939 1.229818 0.004683 
0.000000 0.290279 0.956942 
0.000000 0.000000 
-1.456906 1.229818 0.004683 
0.000000 0.290279 0.956942 
0.000000 0.000000 
-1.456906 1.245342 0.082727 
-0.000000 -0.098016 -0.995185 
0.000000 0.000000 
-1.283939 1.245342 0.082727 
0.000000 -0.098013 -0.995185 
0.000000 0.000000 
-1.283939 1.237580 0.083491 
-0.000000 -0.098013 -0.995185 
0.000000 0.000000 
-1.456906 1.237580 0.083491 
-0.000000 -0.098016 -0.995185 
0.000000 0.000000 
-1.456906 1.200823 0.028479 
0.000000 0.881927 0.471386 
0.000000 0.000000 
-1.283939 1.200822 0.028479 
0.000002 0.881909 0.471420 
0.000000 0.000000 
-1.283939 1.204499 0.021601 
0.000002 0.881909 0.471419 
0.000000 0.000000 
-1.456906 1.204499 0.021601 
0.000000 0.881928 0.471385 
0.000000 0.000000 
-1.456906 1.237580 0.083491 
0.000000 0.098013 -0.995185 
0.000000 0.000000 
-1.283939 1.237580 0.083491 
0.000000 0.098016 -0.995185 
0.000000 0.000000 
-1.283939 1.229818 0.082727 
0.000000 0.098016 -0.995185 
0.000000 0.000000 
-1.456906 1.229818 0.082727 
0.000000 0.098013 -0.995185 
0.000000 0.000000 
-1.456906 1.229818 0.004683 
0.000000 0.098021 0.995184 
0.000000 0.000000 
-1.283939 1.229818 0.004683 
0.000000 0.098021 0.995184 
0.000000 0.000000 
-1.283939 1.237580 0.003919 
0.000000 0.098021 0.995184 
0.000000 0.000000 
-1.456906 1.237580 0.003919 
0.000000 0.098021 0.995184 
0.000000 0.000000 
-1.456906 1.265713 0.015572 
-0.000000 -0.773018 0.634384 
0.000000 0.000000 
-1.283939 1.265713 0.015572 
-0.000001 -0.773011 0.634393 
0.000000 0.000000 
-1.283939 1.270661 0.021601 
-0.000001 -0.773011 0.634392 
0.000000 0.000000 
-1.456906 1.270661 0.021601 
0.000000 -0.773019 0.634383 
0.000000 0.000000 
-1.456906 1.276602 0.035943 
0.000000 -0.995185 0.098018 
0.000000 0.000000 
-1.283939 1.276602 0.035943 
0.000000 -0.995185 0.098018 
0.000000 0.000000 
-1.283939 1.277366 0.043705 
0.000000 -0.995185 0.098018 
0.000000 0.000000 
-1.456906 1.277366 0.043705 
0.000000 -0.995185 0.098018 
0.000000 0.000000 
-1.456906 1.274338 0.028479 
0.000000 -0.956941 0.290281 
0.000000 0.000000 
-1.283939 1.274338 0.028479 
0.000000 -0.956941 0.290281 
0.000000 0.000000 
-1.283939 1.276602 0.035943 
0.000000 -0.956941 0.290281 
0.000000 0.000000 
-1.456906 1.276602 0.035943 
0.000000 -0.956941 0.290281 
0.000000 0.000000 
-1.456906 1.197794 0.043705 
0.000000 0.995185 0.098019 
0.000000 0.000000 
-1.283939 1.197794 0.043705 
0.000000 0.995185 0.098019 
0.000000 0.000000 
-1.283939 1.198558 0.035943 
0.000000 0.995185 0.098019 
0.000000 0.000000 
-1.456906 1.198558 0.035943 
0.000000 0.995185 0.098019 
0.000000 0.000000 
-1.456906 1.274338 0.058930 
0.000000 -0.881915 -0.471409 
0.000000 0.000000 
-1.283939 1.274338 0.058930 
0.000000 -0.881915 -0.471409 
0.000000 0.000000 
-1.283939 1.270661 0.065809 
0.000000 -0.881915 -0.471409 
0.000000 0.000000 
-1.456906 1.270661 0.065809 
0.000000 -0.881915 -0.471409 
0.000000 0.000000 
-1.456906 1.270661 0.065809 
-0.000001 -0.773018 -0.634384 
0.000000 0.000000 
-1.283939 1.270661 0.065809 
0.000000 -0.773011 -0.634392 
0.000000 0.000000 
-1.283939 1.265713 0.071838 
-0.000000 -0.773011 -0.634392 
0.000000 0.000000 
-1.456906 1.265713 0.071838 
-0.000001 -0.773019 -0.634383 
0.000000 0.000000 
-1.456906 1.277366 0.043705 
0.000000 -0.995185 -0.098018 
0.000000 0.000000 
-1.283939 1.277366 0.043705 
0.000000 -0.995185 -0.098018 
0.000000 0.000000 
-1.283939 1.276602 0.051467 
0.000000 -0.995185 -0.098018 
0.000000 0.000000 
-1.456906 1.276602 0.051467 
0.000000 -0.995185 -0.098018 
0.000000 0.000000 
1920
2
3
1
2
1
0
4
5
320
4
320
321
6
7
322
6
322
323
8
9
324
8
324
325
10
11
326
10
326
327
12
13
328
12
328
329
14
15
330
14
330
331
16
17
332
16
332
333
18
19
334
18
334
335
20
21
336
20
336
337
22
23
338
22
338
339
24
25
340
24
340
341
26
27
342
26
342
343
28
29
344
28
344
345
30
31
346
30
346
347
32
33
348
32
348
349
34
35
350
34
350
351
36
37
352
36
352
353
38
39
354
38
354
355
40
41
356
40
356
357
42
43
358
42
358
359
44
45
360
44
360
361
46
47
362
46
362
363
48
49
364
48
364
365
50
51
366
50
366
367
52
53
368
52
368
369
54
55
370
54
370
371
56
57
372
56
372
373
58
59
374
58
374
375
60
61
376
60
376
377
378
379
380
378
380
381
378
381
382
378
382
383
378
383
384
378
384
90
378
90
86
378
86
92
378
92
120
378
120
116
378
116
88
378
88
124
378
124
126
378
126
66
378
66
68
378
68
70
378
70
98
378
98
96
378
96
100
378
100
122
378
122
114
378
114
110
378
110
385
378
385
386
378
386
387
378
387
388
378
388
389
378
389
390
378
390
391
378
391
63
378
63
392
378
392
393
62
394
395
62
395
396
397
398
399
397
399
400
401
402
403
401
403
404
401
404
405
401
405
406
401
406
407
401
407
408
401
408
111
401
111
115
401
115
123
401
123
101
401
101
97
401
97
99
401
99
71
401
71
69
401
69
67
401
67
127
401
127
125
401
125
89
401
89
117
401
117
121
401
121
93
401
93
87
401
87
91
401
91
409
401
409
410
401
410
411
401
411
412
401
412
413
401
413
414
401
414
415
401
415
416
401
416
417
129
418
102
129
102
135
148
64
106
148
106
156
141
108
419
141
419
420
138
421
422
138
422
144
149
423
424
149
424
155
425
426
427
425
427
428
134
429
430
134
430
140
153
431
432
153
432
146
150
82
80
150
80
157
152
433
434
152
434
159
142
94
435
142
435
436
145
437
438
145
438
439
128
440
441
128
441
442
131
84
112
131
112
136
443
444
445
443
445
446
443
446
447
443
447
448
443
448
449
443
449
450
443
450
451
443
451
452
443
452
453
443
453
454
443
454
455
443
455
456
443
456
457
443
457
385
443
385
110
443
110
76
443
76
72
443
72
74
443
74
78
443
78
458
443
458
459
443
459
460
443
460
461
443
461
462
443
462
118
443
118
104
443
104
463
443
463
464
443
464
465
443
465
466
443
466
90
443
90
384
154
467
468
154
468
469
470
471
472
470
472
130
133
473
474
133
474
139
475
476
477
475
477
478
479
480
481
479
481
137
482
483
484
482
484
143
151
485
486
151
486
158
487
488
489
487
489
147
490
491
492
490
492
493
132
494
495
132
495
496
497
498
499
497
499
500
501
502
503
501
503
504
505
506
507
505
507
508
509
510
511
509
511
512
513
514
515
513
515
516
517
518
519
517
519
520
521
522
523
521
523
524
525
526
527
525
527
528
525
528
529
525
529
530
525
530
531
525
531
532
525
532
533
525
533
534
525
534
535
525
535
536
525
536
537
525
537
538
525
538
539
525
539
409
525
409
91
525
91
103
525
103
109
525
109
65
525
65
107
525
107
105
525
105
119
525
119
95
525
95
83
525
83
81
525
81
85
525
85
113
525
113
79
525
79
75
525
75
73
525
73
77
525
77
111
525
111
408
540
541
542
540
542
543
544
545
546
544
546
547
548
521
524
548
524
549
550
551
552
550
552
553
554
513
516
554
516
555
556
509
512
556
512
557
558
559
560
558
560
561
562
501
504
562
504
563
564
565
566
564
566
567
568
569
570
568
570
571
572
573
574
572
574
575
576
577
578
576
578
579
580
581
582
580
582
583
584
585
586
584
586
587
588
589
590
588
590
591
592
593
594
592
594
595
596
597
598
596
598
599
600
470
130
600
130
601
602
154
469
602
469
603
604
131
136
604
136
605
606
607
608
606
608
609
610
145
439
610
439
611
612
613
614
612
614
615
616
617
618
616
618
619
620
621
622
620
622
623
624
625
626
624
626
627
628
629
630
628
630
631
632
633
634
632
634
635
636
637
638
636
638
639
640
641
642
640
642
643
644
645
646
644
646
647
648
649
650
648
650
651
652
653
654
652
654
655
162
163
161
162
161
160
164
165
656
164
656
657
166
167
658
166
658
659
168
169
660
168
660
661
170
171
662
170
662
663
172
173
664
172
664
665
174
175
666
174
666
667
176
177
668
176
668
669
178
179
670
178
670
671
180
181
672
180
672
673
182
183
674
182
674
675
184
185
676
184
676
677
186
187
678
186
678
679
188
189
680
188
680
681
190
191
682
190
682
683
192
193
684
192
684
685
194
195
686
194
686
687
196
197
688
196
688
689
198
199
690
198
690
691
200
201
692
200
692
693
202
203
694
202
694
695
204
205
696
204
696
697
206
207
698
206
698
699
208
209
700
208
700
701
210
211
702
210
702
703
212
213
704
212
704
705
214
215
706
214
706
707
216
217
708
216
708
709
218
219
710
218
710
711
220
221
712
220
712
713
714
715
716
714
716
717
714
717
718
714
718
719
714
719
720
714
720
250
714
250
246
714
246
252
714
252
280
714
280
276
714
276
248
714
248
284
714
284
286
714
286
226
714
226
228
714
228
230
714
230
258
714
258
256
714
256
260
714
260
282
714
282
274
714
274
270
714
270
721
714
721
722
714
722
723
714
723
724
714
724
725
714
725
726
714
726
727
714
727
223
714
223
728
714
728
729
222
730
731
222
731
732
733
734
735
733
735
736
737
738
739
737
739
740
737
740
741
737
741
742
737
742
743
737
743
744
737
744
271
737
271
275
737
275
283
737
283
261
737
261
257
737
257
259
737
259
231
737
231
229
737
229
227
737
227
287
737
287
285
737
285
249
737
249
277
737
277
281
737
281
253
737
253
247
737
247
251
737
251
745
737
745
746
737
746
747
737
747
748
737
748
749
737
749
750
737
750
751
737
751
752
737
752
753
289
754
262
289
262
295
308
224
266
308
266
316
301
268
755
301
755
756
298
757
758
298
758
304
309
759
760
309
760
315
761
762
763
761
763
764
294
765
766
294
766
300
313
767
768
313
768
306
310
242
240
310
240
317
312
769
770
312
770
319
302
254
771
302
771
772
305
773
774
305
774
775
288
776
777
288
777
778
291
244
272
291
272
296
779
780
781
779
781
782
779
782
783
779
783
784
779
784
785
779
785
786
779
786
787
779
787
788
779
788
789
779
789
790
779
790
791
779
791
792
779
792
793
779
793
721
779
721
270
779
270
236
779
236
232
779
232
234
779
234
238
779
238
794
779
794
795
779
795
796
779
796
797
779
797
798
779
798
278
779
278
264
779
264
799
779
799
800
779
800
801
779
801
802
779
802
250
779
250
720
314
803
804
314
804
805
806
807
808
806
808
290
293
809
810
293
810
299
811
812
813
811
813
814
815
816
817
815
817
297
818
819
820
818
820
303
311
821
822
311
822
318
823
824
825
823
825
307
826
827
828
826
828
829
292
830
831
292
831
832
833
834
835
833
835
836
837
838
839
837
839
840
841
842
843
841
843
844
845
846
847
845
847
848
849
850
851
849
851
852
853
854
855
853
855
856
857
858
859
857
859
860
861
862
863
861
863
864
861
864
865
861
865
866
861
866
867
861
867
868
861
868
869
861
869
870
861
870
871
861
871
872
861
872
873
861
873
874
861
874
875
861
875
745
861
745
251
861
251
263
861
263
269
861
269
225
861
225
267
861
267
265
861
265
279
861
279
255
861
255
243
861
243
241
861
241
245
861
245
273
861
273
239
861
239
235
861
235
233
861
233
237
861
237
271
861
271
744
876
877
878
876
878
879
880
881
882
880
882
883
884
885
886
884
886
887
888
889
890
888
890
891
892
893
894
892
894
895
896
897
898
896
898
899
900
901
902
900
902
903
904
905
906
904
906
907
908
909
910
908
910
911
912
913
914
912
914
915
916
917
918
916
918
919
920
921
922
920
922
923
924
925
926
924
926
927
928
929
930
928
930
931
932
933
934
932
934
935
936
937
938
936
938
939
940
941
942
940
942
943
944
945
946
944
946
947
948
949
950
948
950
951
952
953
954
952
954
955
956
957
958
956
958
959
960
961
962
960
962
963
964
965
966
964
966
967
968
969
970
968
970
971
972
973
974
972
974
975
976
977
978
976
978
979
980
981
982
980
982
983
984
985
986
984
986
987
988
989
990
988
990
991
992
993
994
992
994
995
996
997
998
996
998
999
1000
1001
1002
1000
1002
1003
1004
1005
1006
1004
1006
1007
1
0.000000 
0.500000 0.500000 0.500000 
0.500000 0.500000 0.500000 
0.000000 
0.000000 0.000000 0.000000 
0.000000 0.000000 0.000000 
none 
1
0 
1920 
0 
640 
0 
1008 
